2013_01_11_23_44_13_776636519  2601.000 8 16
2013_01_11_23_44_14_512794645  2601.000 8 14
2013_01_11_23_44_14_834046703  2601.000 8 12
2013_01_11_23_44_15_206371560  2601.000 8 10
2013_01_11_23_44_15_553494729  2601.000 8 8
2013_01_11_23_44_15_854670098  2601.000 8 6
2013_01_11_23_44_16_189757372  2601.000 8 4
2013_01_11_23_44_17_039820638  2601.000 10 16
2013_01_11_23_44_17_731157554  2601.000 10 14
2013_01_11_23_44_18_070919233  2601.000 10 12
2013_01_11_23_44_18_389664877  2601.000 10 10
2013_01_11_23_44_18_676811878  2601.000 10 8
2013_01_11_23_44_19_053832179  2601.000 10 6
2013_01_11_23_44_19_352291379  2601.000 10 4
2013_01_11_23_44_20_032378484  2601.000 12 16
2013_01_11_23_44_20_718421599  2601.000 12 14
2013_01_11_23_44_21_076704931  2601.000 12 12
2013_01_11_23_44_21_527804173  2601.000 12 10
2013_01_11_23_44_21_890415091  2601.000 12 8
2013_01_11_23_44_22_232082607  2601.000 12 6
2013_01_11_23_44_22_551095652  2601.000 12 4
2013_01_11_23_44_22_905078038  2601.000 14 16
2013_01_11_23_44_23_572433228  2601.000 14 14
2013_01_11_23_44_23_954372427  2601.000 14 12
2013_01_11_23_44_24_271909700  2601.000 14 10
2013_01_11_23_44_24_911211331  2601.000 14 8
2013_01_11_23_44_25_294367502  2601.000 14 6
2013_01_11_23_44_25_587774676  2601.000 14 4
2013_01_11_23_44_25_980224923  2601.000 16 16
2013_01_11_23_44_26_628312333  2601.000 16 14
2013_01_11_23_44_26_990458261  2601.000 16 12
2013_01_11_23_44_27_295414671  2601.000 16 10
2013_01_11_23_44_27_634803105  2601.000 16 8
2013_01_11_23_44_27_948429905  2601.000 16 6
2013_01_11_23_44_28_288466993  2601.000 16 4
2013_01_11_23_44_28_617223268  2601.000 18 16
2013_01_11_23_44_29_318343969  2601.000 18 14
2013_01_11_23_44_29_643078737  2601.000 18 12
2013_01_11_23_44_29_967472580  2601.000 18 10
2013_01_11_23_44_30_250071320  2601.000 18 8
2013_01_11_23_44_30_581384598  2601.000 18 6
2013_01_11_23_44_30_932200010  2601.000 18 4
2013_01_11_23_44_31_299530917  2601.000 20 16
2013_01_11_23_44_31_978416720  2601.000 20 14
2013_01_11_23_44_32_360866771  2601.000 20 12
2013_01_11_23_44_32_675020307  2601.000 20 10
2013_01_11_23_44_33_344596846  2601.000 20 8
2013_01_11_23_44_33_674402884  2601.000 20 6
2013_01_11_23_44_34_024937864  2601.000 20 4
2013_01_11_23_44_34_371121543  2601.000 22 16
2013_01_11_23_44_35_081030437  2601.000 22 14
2013_01_11_23_44_35_442525274  2601.000 22 12
2013_01_11_23_44_35_786680037  2601.000 22 10
2013_01_11_23_44_36_163741523  2601.000 22 8
2013_01_11_23_44_36_853673474  2601.000 22 6
2013_01_11_23_44_37_199626026  2601.000 22 4
2013_01_11_23_44_37_481581424  2601.000 24 16
2013_01_11_23_44_38_135041284  2601.000 24 14
2013_01_11_23_44_38_479207390  2601.000 24 12
2013_01_11_23_44_38_851110131  2601.000 24 10
2013_01_11_23_44_39_225375441  2601.000 24 8
2013_01_11_23_44_39_546649751  2601.000 24 6
2013_01_11_23_44_40_272695495  2601.000 24 4
2013_01_11_23_44_40_636589128  2601.000 26 16
2013_01_11_23_44_41_317425481  2601.000 26 14
2013_01_11_23_44_41_967405216  2601.000 26 12
2013_01_11_23_44_42_308835943  2601.000 26 10
2013_01_11_23_44_42_646562935  2601.000 26 8
2013_01_11_23_44_42_995882191  2601.000 26 6
2013_01_11_23_44_43_382104648  2601.000 26 4
2013_01_11_23_44_43_744346594  2601.000 28 16
2013_01_11_23_44_44_443741832  2601.000 28 14
2013_01_11_23_44_44_752661225  2601.000 28 12
2013_01_11_23_44_45_138785465  2601.000 28 10
2013_01_11_23_44_45_476962879  2601.000 28 8
2013_01_11_23_44_45_810841379  2601.000 28 6
2013_01_11_23_44_46_146993637  2601.000 28 4
2013_01_11_23_44_46_493092490  2601.000 30 16
2013_01_11_23_44_47_180703416  2601.000 30 14
2013_01_11_23_44_47_511530011  2601.000 30 12
2013_01_11_23_44_47_839863630  2601.000 30 10
2013_01_11_23_44_48_473164548  2601.000 30 8
2013_01_11_23_44_48_842257513  2601.000 30 6
2013_01_11_23_44_49_183890324  2601.000 30 4
2013_01_11_23_44_50_088575724  2601.000 32 16
2013_01_11_23_44_50_800347591  2601.000 32 14
2013_01_11_23_44_51_188547498  2601.000 32 12
2013_01_11_23_44_51_525383272  2601.000 32 10
2013_01_11_23_44_51_876905914  2601.000 32 8
2013_01_11_23_44_52_225362737  2601.000 32 6
2013_01_11_23_44_52_577241906  2601.000 32 4
2013_01_11_23_44_52_897331273  2601.000 8 16
2013_01_11_23_44_53_249566542  2601.000 8 14
2013_01_11_23_44_53_581488567  2601.000 8 12
2013_01_11_23_44_53_939784709  2601.000 8 10
2013_01_11_23_44_54_267369076  2601.000 8 8
2013_01_11_23_44_54_605040339  2601.000 8 6
2013_01_11_23_44_54_953797018  2601.000 8 4
2013_01_11_23_44_55_283752405  2601.000 10 16
2013_01_11_23_44_55_613865663  2601.000 10 14
2013_01_11_23_44_56_026864293  2601.000 10 12
2013_01_11_23_44_56_365267539  2601.000 10 10
2013_01_11_23_44_56_728509468  2601.000 10 8
2013_01_11_23_44_57_036540761  2601.000 10 6
2013_01_11_23_44_57_359384641  2601.000 10 4
2013_01_11_23_44_57_665713800  2601.000 12 16
2013_01_11_23_44_58_019521963  2601.000 12 14
2013_01_11_23_44_58_633125185  2601.000 12 12
2013_01_11_23_44_58_992716877  2601.000 12 10
2013_01_11_23_44_59_308423069  2601.000 12 8
2013_01_11_23_44_59_669361507  2601.000 12 6
2013_01_11_23_45_00_053776891  2601.000 12 4
2013_01_11_23_45_00_351034994  2601.000 14 16
2013_01_11_23_45_00_674621471  2601.000 14 14
2013_01_11_23_45_01_029383743  2601.000 14 12
2013_01_11_23_45_01_358270362  2601.000 14 10
2013_01_11_23_45_01_740926937  2601.000 14 8
2013_01_11_23_45_02_114133169  2601.000 14 6
2013_01_11_23_45_02_642704120  2601.000 14 4
2013_01_11_23_45_02_970034036  2601.000 16 16
2013_01_11_23_45_03_528674395  2601.000 16 14
2013_01_11_23_45_03_892245719  2601.000 16 12
2013_01_11_23_45_04_236819760  2601.000 16 10
2013_01_11_23_45_04_528782805  2601.000 16 8
2013_01_11_23_45_04_893455726  2601.000 16 6
2013_01_11_23_45_05_257366833  2601.000 16 4
2013_01_11_23_45_05_587540361  2601.000 18 16
2013_01_11_23_45_05_991917906  2601.000 18 14
2013_01_11_23_45_06_281534585  2601.000 18 12
2013_01_11_23_45_06_627051055  2601.000 18 10
2013_01_11_23_45_06_932434478  2601.000 18 8
2013_01_11_23_45_07_259809681  2601.000 18 6
2013_01_11_23_45_07_569463134  2601.000 18 4
2013_01_11_23_45_07_895112035  2601.000 20 16
2013_01_11_23_45_08_217175234  2601.000 20 14
2013_01_11_23_45_08_586975218  2601.000 20 12
2013_01_11_23_45_08_958377192  2601.000 20 10
2013_01_11_23_45_09_303259402  2601.000 20 8
2013_01_11_23_45_09_632688034  2601.000 20 6
2013_01_11_23_45_09_997065445  2601.000 20 4
2013_01_11_23_45_10_321842268  2601.000 22 16
2013_01_11_23_45_10_646607515  2601.000 22 14
2013_01_11_23_45_11_036288034  2601.000 22 12
2013_01_11_23_45_11_404029810  2601.000 22 10
2013_01_11_23_45_11_736902686  2601.000 22 8
2013_01_11_23_45_12_091080075  2601.000 22 6
2013_01_11_23_45_12_455696845  2601.000 22 4
2013_01_11_23_45_12_776420816  2601.000 24 16
2013_01_11_23_45_13_092121507  2601.000 24 14
2013_01_11_23_45_13_440284377  2601.000 24 12
2013_01_11_23_45_13_780701826  2601.000 24 10
2013_01_11_23_45_14_075303662  2601.000 24 8
2013_01_11_23_45_14_502320773  2601.000 24 6
2013_01_11_23_45_14_828938013  2601.000 24 4
2013_01_11_23_45_15_137991426  2601.000 26 16
2013_01_11_23_45_15_469569383  2601.000 26 14
2013_01_11_23_45_15_755637449  2601.000 26 12
2013_01_11_23_45_16_227626974  2601.000 26 10
2013_01_11_23_45_16_591134844  2601.000 26 8
2013_01_11_23_45_16_996553825  2601.000 26 6
2013_01_11_23_45_17_342895581  2601.000 26 4
2013_01_11_23_45_17_713438956  2601.000 28 16
2013_01_11_23_45_18_051768998  2601.000 28 14
2013_01_11_23_45_18_336451312  2601.000 28 12
2013_01_11_23_45_18_659183479  2601.000 28 10
2013_01_11_23_45_19_000651754  2601.000 28 8
2013_01_11_23_45_19_381132251  2601.000 28 6
2013_01_11_23_45_19_737053302  2601.000 28 4
2013_01_11_23_45_20_062183268  2601.000 30 16
2013_01_11_23_45_20_349303570  2601.000 30 14
2013_01_11_23_45_20_651598438  2601.000 30 12
2013_01_11_23_45_20_961560609  2601.000 30 10
2013_01_11_23_45_21_301471061  2601.000 30 8
2013_01_11_23_45_21_643872849  2601.000 30 6
2013_01_11_23_45_21_965230711  2601.000 30 4
2013_01_11_23_45_22_275953564  2601.000 32 16
2013_01_11_23_45_22_568853151  2601.000 32 14
2013_01_11_23_45_22_855725980  2601.000 32 12
2013_01_11_23_45_23_274405361  2601.000 32 10
2013_01_11_23_45_23_594889034  2601.000 32 8
2013_01_11_23_45_23_943360773  2601.000 32 6
2013_01_11_23_45_24_307886910  2601.000 32 4
2013_01_11_23_45_24_657978882  2601.000 8 16
2013_01_11_23_45_25_046051368  2601.000 8 14
2013_01_11_23_45_25_368654017  2601.000 8 12
2013_01_11_23_45_25_729933634  2601.000 8 10
2013_01_11_23_45_26_059824012  2601.000 8 8
2013_01_11_23_45_26_377402377  2601.000 8 6
2013_01_11_23_45_26_750576260  2601.000 8 4
2013_01_11_23_45_27_084876338  2601.000 10 16
2013_01_11_23_45_27_403296936  2601.000 10 14
2013_01_11_23_45_27_751608873  2601.000 10 12
2013_01_11_23_45_28_061423041  2601.000 10 10
2013_01_11_23_45_28_412117497  2601.000 10 8
2013_01_11_23_45_28_754141397  2601.000 10 6
2013_01_11_23_45_29_136992502  2601.000 10 4
2013_01_11_23_45_29_431793221  2601.000 12 16
2013_01_11_23_45_29_776647894  2601.000 12 14
2013_01_11_23_45_30_112522436  2601.000 12 12
2013_01_11_23_45_30_487364190  2601.000 12 10
2013_01_11_23_45_30_825515298  2601.000 12 8
2013_01_11_23_45_31_154241037  2601.000 12 6
2013_01_11_23_45_31_482467674  2601.000 12 4
2013_01_11_23_45_31_889638858  2601.000 14 16
2013_01_11_23_45_32_207702649  2601.000 14 14
2013_01_11_23_45_32_535587490  2601.000 14 12
2013_01_11_23_45_32_862944619  2601.000 14 10
2013_01_11_23_45_33_171424498  2601.000 14 8
2013_01_11_23_45_33_516565370  2601.000 14 6
2013_01_11_23_45_33_854994234  2601.000 14 4
2013_01_11_23_45_34_236772591  2601.000 16 16
2013_01_11_23_45_34_561011214  2601.000 16 14
2013_01_11_23_45_34_873172091  2601.000 16 12
2013_01_11_23_45_35_253617822  2601.000 16 10
2013_01_11_23_45_35_610814088  2601.000 16 8
2013_01_11_23_45_35_907375155  2601.000 16 6
2013_01_11_23_45_36_235284099  2601.000 16 4
2013_01_11_23_45_36_620087989  2601.000 18 16
2013_01_11_23_45_36_981283527  2601.000 18 14
2013_01_11_23_45_37_265591471  2601.000 18 12
2013_01_11_23_45_37_625847757  2601.000 18 10
2013_01_11_23_45_37_942470795  2601.000 18 8
2013_01_11_23_45_38_268161275  2601.000 18 6
2013_01_11_23_45_38_614379773  2601.000 18 4
2013_01_11_23_45_38_923886945  2601.000 20 16
2013_01_11_23_45_39_256767765  2601.000 20 14
2013_01_11_23_45_39_558407767  2601.000 20 12
2013_01_11_23_45_39_886525897  2601.000 20 10
2013_01_11_23_45_40_261847028  2601.000 20 8
2013_01_11_23_45_40_569617133  2601.000 20 6
2013_01_11_23_45_40_863394678  2601.000 20 4
2013_01_11_23_45_41_198999851  2601.000 22 16
2013_01_11_23_45_41_594552000  2601.000 22 14
2013_01_11_23_45_41_904507111  2601.000 22 12
2013_01_11_23_45_42_240509197  2601.000 22 10
2013_01_11_23_45_42_605417144  2601.000 22 8
2013_01_11_23_45_42_936645003  2601.000 22 6
2013_01_11_23_45_43_278898615  2601.000 22 4
2013_01_11_23_45_43_565937218  2601.000 24 16
2013_01_11_23_45_43_926811957  2601.000 24 14
2013_01_11_23_45_44_240530845  2601.000 24 12
2013_01_11_23_45_44_575519782  2601.000 24 10
2013_01_11_23_45_44_912141284  2601.000 24 8
2013_01_11_23_45_45_234825751  2601.000 24 6
2013_01_11_23_45_45_607623218  2601.000 24 4
2013_01_11_23_45_45_972253158  2601.000 26 16
2013_01_11_23_45_46_276622919  2601.000 26 14
2013_01_11_23_45_46_669060629  2601.000 26 12
2013_01_11_23_45_46_983601426  2601.000 26 10
2013_01_11_23_45_47_319982987  2601.000 26 8
2013_01_11_23_45_47_637475874  2601.000 26 6
2013_01_11_23_45_47_959582735  2601.000 26 4
2013_01_11_23_45_48_363046776  2601.000 28 16
2013_01_11_23_45_48_739484291  2601.000 28 14
2013_01_11_23_45_49_036418575  2601.000 28 12
2013_01_11_23_45_49_354876332  2601.000 28 10
2013_01_11_23_45_49_687456206  2601.000 28 8
2013_01_11_23_45_50_009665434  2601.000 28 6
2013_01_11_23_45_50_322758775  2601.000 28 4
2013_01_11_23_45_50_658137282  2601.000 30 16
2013_01_11_23_45_50_983889196  2601.000 30 14
2013_01_11_23_45_51_353095045  2601.000 30 12
2013_01_11_23_45_51_704889197  2601.000 30 10
2013_01_11_23_45_52_071005756  2601.000 30 8
2013_01_11_23_45_52_434563777  2601.000 30 6
2013_01_11_23_45_52_810185072  2601.000 30 4
2013_01_11_23_45_53_154747366  2601.000 32 16
2013_01_11_23_45_53_478820136  2601.000 32 14
2013_01_11_23_45_53_815270051  2601.000 32 12
2013_01_11_23_45_54_153013038  2601.000 32 10
2013_01_11_23_45_54_471596407  2601.000 32 8
2013_01_11_23_45_54_844570627  2601.000 32 6
2013_01_11_23_45_55_188271062  2601.000 32 4
2013_01_11_23_45_55_541169965  2601.000 8 16
2013_01_11_23_45_55_883297649  2601.000 8 14
2013_01_11_23_45_56_242047382  2601.000 8 12
2013_01_11_23_45_56_549614278  2601.000 8 10
2013_01_11_23_45_56_901454806  2601.000 8 8
2013_01_11_23_45_57_353313372  2601.000 8 6
2013_01_11_23_45_57_751307954  2601.000 8 4
2013_01_11_23_45_58_117519759  2601.000 10 16
2013_01_11_23_45_58_459135733  2601.000 10 14
2013_01_11_23_45_58_808469180  2601.000 10 12
2013_01_11_23_45_59_141530051  2601.000 10 10
2013_01_11_23_45_59_529543951  2601.000 10 8
2013_01_11_23_45_59_868675611  2601.000 10 6
2013_01_11_23_46_00_219300486  2601.000 10 4
2013_01_11_23_46_00_589567934  2601.000 12 16
2013_01_11_23_46_00_941626976  2601.000 12 14
2013_01_11_23_46_01_306379459  2601.000 12 12
2013_01_11_23_46_01_662143744  2601.000 12 10
2013_01_11_23_46_02_022989638  2601.000 12 8
2013_01_11_23_46_02_368140071  2601.000 12 6
2013_01_11_23_46_02_712513202  2601.000 12 4
2013_01_11_23_46_03_053638951  2601.000 14 16
2013_01_11_23_46_03_432851198  2601.000 14 14
2013_01_11_23_46_03_808920491  2601.000 14 12
2013_01_11_23_46_04_176190891  2601.000 14 10
2013_01_11_23_46_04_527555540  2601.000 14 8
2013_01_11_23_46_05_321569223  2601.000 14 6
2013_01_11_23_46_05_619582165  2601.000 14 4
2013_01_11_23_46_05_935439952  2601.000 16 16
2013_01_11_23_46_06_317828110  2601.000 16 14
2013_01_11_23_46_06_668626821  2601.000 16 12
2013_01_11_23_46_07_057102278  2601.000 16 10
2013_01_11_23_46_07_417802372  2601.000 16 8
2013_01_11_23_46_07_731807950  2601.000 16 6
2013_01_11_23_46_08_064792773  2601.000 16 4
2013_01_11_23_46_08_371103488  2601.000 18 16
2013_01_11_23_46_08_714670490  2601.000 18 14
2013_01_11_23_46_09_028942696  2601.000 18 12
2013_01_11_23_46_09_388409386  2601.000 18 10
2013_01_11_23_46_09_774000029  2601.000 18 8
2013_01_11_23_46_10_114228104  2601.000 18 6
2013_01_11_23_46_10_416298030  2601.000 18 4
2013_01_11_23_46_10_779169301  2601.000 20 16
2013_01_11_23_46_11_099618773  2601.000 20 14
2013_01_11_23_46_11_470282385  2601.000 20 12
2013_01_11_23_46_11_810577414  2601.000 20 10
2013_01_11_23_46_12_158251558  2601.000 20 8
2013_01_11_23_46_12_465904170  2601.000 20 6
2013_01_11_23_46_12_984935902  2601.000 20 4
2013_01_11_23_46_13_330868447  2601.000 22 16
2013_01_11_23_46_13_673068933  2601.000 22 14
2013_01_11_23_46_14_049861370  2601.000 22 12
2013_01_11_23_46_14_422933646  2601.000 22 10
2013_01_11_23_46_14_803899398  2601.000 22 8
2013_01_11_23_46_15_105234036  2601.000 22 6
2013_01_11_23_46_15_487454453  2601.000 22 4
2013_01_11_23_46_15_835431009  2601.000 24 16
2013_01_11_23_46_16_167139332  2601.000 24 14
2013_01_11_23_46_16_513853420  2601.000 24 12
2013_01_11_23_46_16_894167524  2601.000 24 10
2013_01_11_23_46_17_234223943  2601.000 24 8
2013_01_11_23_46_17_534482781  2601.000 24 6
2013_01_11_23_46_17_870311398  2601.000 24 4
2013_01_11_23_46_18_228042903  2601.000 26 16
2013_01_11_23_46_18_655640887  2601.000 26 14
2013_01_11_23_46_18_963462385  2601.000 26 12
2013_01_11_23_46_19_317022704  2601.000 26 10
2013_01_11_23_46_19_692886054  2601.000 26 8
2013_01_11_23_46_20_037487736  2601.000 26 6
2013_01_11_23_46_20_391559165  2601.000 26 4
2013_01_11_23_46_21_246647318  2601.000 28 16
2013_01_11_23_46_21_661843966  2601.000 28 14
2013_01_11_23_46_22_021076651  2601.000 28 12
2013_01_11_23_46_22_346639243  2601.000 28 10
2013_01_11_23_46_22_755009550  2601.000 28 8
2013_01_11_23_46_23_163833111  2601.000 28 6
2013_01_11_23_46_23_542069528  2601.000 28 4
2013_01_11_23_46_23_803911388  2601.000 30 16
2013_01_11_23_46_24_161427673  2601.000 30 14
2013_01_11_23_46_24_695113048  2601.000 30 12
2013_01_11_23_46_25_072942442  2601.000 30 10
2013_01_11_23_46_25_423882414  2601.000 30 8
2013_01_11_23_46_25_859879141  2601.000 30 6
2013_01_11_23_46_26_192929140  2601.000 30 4
2013_01_11_23_46_26_566203467  2601.000 32 16
2013_01_11_23_46_26_909820458  2601.000 32 14
2013_01_11_23_46_27_240414397  2601.000 32 12
2013_01_11_23_46_27_555799035  2601.000 32 10
2013_01_11_23_46_27_938733457  2601.000 32 8
2013_01_11_23_46_28_265285528  2601.000 32 6
2013_01_11_23_46_28_584180322  2601.000 32 4
2013_01_11_23_46_28_933293585  2601.000 8 16
2013_01_11_23_46_29_299834509  2601.000 8 14
2013_01_11_23_46_29_628621235  2601.000 8 12
2013_01_11_23_46_29_940329018  2601.000 8 10
2013_01_11_23_46_30_254364625  2601.000 8 8
2013_01_11_23_46_30_626511707  2601.000 8 6
2013_01_11_23_46_30_956059607  2601.000 8 4
2013_01_11_23_46_31_293499823  2601.000 10 16
2013_01_11_23_46_31_629423912  2601.000 10 14
2013_01_11_23_46_31_975381480  2601.000 10 12
2013_01_11_23_46_32_365411042  2601.000 10 10
2013_01_11_23_46_32_676628483  2601.000 10 8
2013_01_11_23_46_33_065836087  2601.000 10 6
2013_01_11_23_46_33_410507980  2601.000 10 4
2013_01_11_23_46_33_758100227  2601.000 12 16
2013_01_11_23_46_34_077814627  2601.000 12 14
2013_01_11_23_46_34_481414239  2601.000 12 12
2013_01_11_23_46_34_834801337  2601.000 12 10
2013_01_11_23_46_35_234608669  2601.000 12 8
2013_01_11_23_46_35_549448431  2601.000 12 6
2013_01_11_23_46_35_914513483  2601.000 12 4
2013_01_11_23_46_36_296742743  2601.000 14 16
2013_01_11_23_46_36_584525379  2601.000 14 14
2013_01_11_23_46_36_977871711  2601.000 14 12
2013_01_11_23_46_37_337405785  2601.000 14 10
2013_01_11_23_46_37_667486867  2601.000 14 8
2013_01_11_23_46_38_043579368  2601.000 14 6
2013_01_11_23_46_38_327967540  2601.000 14 4
2013_01_11_23_46_38_738360784  2601.000 16 16
2013_01_11_23_46_39_080090800  2601.000 16 14
2013_01_11_23_46_39_429944552  2601.000 16 12
2013_01_11_23_46_39_752666301  2601.000 16 10
2013_01_11_23_46_40_112790810  2601.000 16 8
2013_01_11_23_46_40_517707028  2601.000 16 6
2013_01_11_23_46_41_057393309  2601.000 16 4
2013_01_11_23_46_41_397563476  2601.000 18 16
2013_01_11_23_46_41_790831047  2601.000 18 14
2013_01_11_23_46_42_086045417  2601.000 18 12
2013_01_11_23_46_42_458794160  2601.000 18 10
2013_01_11_23_46_42_850506553  2601.000 18 8
2013_01_11_23_46_43_245080939  2601.000 18 6
2013_01_11_23_46_43_608312951  2601.000 18 4
2013_01_11_23_46_43_958938083  2601.000 20 16
2013_01_11_23_46_44_347618440  2601.000 20 14
2013_01_11_23_46_44_777990267  2601.000 20 12
2013_01_11_23_46_45_160893171  2601.000 20 10
2013_01_11_23_46_45_515894900  2601.000 20 8
2013_01_11_23_46_45_895228886  2601.000 20 6
2013_01_11_23_46_46_272240359  2601.000 20 4
2013_01_11_23_46_46_609976254  2601.000 22 16
2013_01_11_23_46_46_973120848  2601.000 22 14
2013_01_11_23_46_47_276911954  2601.000 22 12
2013_01_11_23_46_47_600552389  2601.000 22 10
2013_01_11_23_46_47_963016535  2601.000 22 8
2013_01_11_23_46_48_275005824  2601.000 22 6
2013_01_11_23_46_48_648425129  2601.000 22 4
2013_01_11_23_46_49_006054480  2601.000 24 16
2013_01_11_23_46_49_374573518  2601.000 24 14
2013_01_11_23_46_49_790965222  2601.000 24 12
2013_01_11_23_46_50_126551422  2601.000 24 10
2013_01_11_23_46_50_524115744  2601.000 24 8
2013_01_11_23_46_50_808595868  2601.000 24 6
2013_01_11_23_46_51_136084438  2601.000 24 4
2013_01_11_23_46_51_502921979  2601.000 26 16
2013_01_11_23_46_51_878516647  2601.000 26 14
2013_01_11_23_46_52_248116845  2601.000 26 12
2013_01_11_23_46_52_640683278  2601.000 26 10
2013_01_11_23_46_52_984934562  2601.000 26 8
2013_01_11_23_46_53_321430318  2601.000 26 6
2013_01_11_23_46_53_661028574  2601.000 26 4
2013_01_11_23_46_54_029534070  2601.000 28 16
2013_01_11_23_46_54_328712968  2601.000 28 14
2013_01_11_23_46_54_864928688  2601.000 28 12
2013_01_11_23_46_55_180896367  2601.000 28 10
2013_01_11_23_46_55_508940700  2601.000 28 8
2013_01_11_23_46_55_846675423  2601.000 28 6
2013_01_11_23_46_56_208684568  2601.000 28 4
2013_01_11_23_46_56_530971382  2601.000 30 16
2013_01_11_23_46_56_907300912  2601.000 30 14
2013_01_11_23_46_57_222740804  2601.000 30 12
2013_01_11_23_46_57_571873589  2601.000 30 10
2013_01_11_23_46_57_935608709  2601.000 30 8
2013_01_11_23_46_58_278438720  2601.000 30 6
2013_01_11_23_46_58_596511034  2601.000 30 4
2013_01_11_23_46_58_935387758  2601.000 32 16
2013_01_11_23_46_59_273963338  2601.000 32 14
2013_01_11_23_46_59_631832927  2601.000 32 12
2013_01_11_23_47_00_023118776  2601.000 32 10
2013_01_11_23_47_00_366043396  2601.000 32 8
2013_01_11_23_47_00_706567312  2601.000 32 6
2013_01_11_23_47_01_055588224  2601.000 32 4
2013_01_11_23_47_54_798962198  2601.000 8 16
2013_01_11_23_47_55_599825639  2601.000 8 14
2013_01_11_23_47_56_218346172  2601.000 8 12
2013_01_11_23_47_56_542660086  2601.000 8 10
2013_01_11_23_47_56_902176984  2601.000 8 8
2013_01_11_23_47_57_252042380  2601.000 8 6
2013_01_11_23_47_57_674661051  2601.000 8 4
2013_01_11_23_47_57_987569959  2601.000 10 16
2013_01_11_23_47_58_687367351  2601.000 10 14
2013_01_11_23_47_59_328885964  2601.000 10 12
2013_01_11_23_47_59_648627448  2601.000 10 10
2013_01_11_23_47_59_971826223  2601.000 10 8
2013_01_11_23_48_00_323803186  2601.000 10 6
2013_01_11_23_48_00_642476609  2601.000 10 4
2013_01_11_23_48_00_993140088  2601.000 12 16
2013_01_11_23_48_01_684000187  2601.000 12 14
2013_01_11_23_48_02_051844962  2601.000 12 12
2013_01_11_23_48_02_404258577  2601.000 12 10
2013_01_11_23_48_02_746977692  2601.000 12 8
2013_01_11_23_48_03_098518084  2601.000 12 6
2013_01_11_23_48_03_461443453  2601.000 12 4
2013_01_11_23_48_03_796744139  2601.000 14 16
2013_01_11_23_48_04_438271732  2601.000 14 14
2013_01_11_23_48_04_797471216  2601.000 14 12
2013_01_11_23_48_05_198888737  2601.000 14 10
2013_01_11_23_48_05_539265662  2601.000 14 8
2013_01_11_23_48_05_876622456  2601.000 14 6
2013_01_11_23_48_06_226462431  2601.000 14 4
2013_01_11_23_48_06_570108954  2601.000 16 16
2013_01_11_23_48_07_247029913  2601.000 16 14
2013_01_11_23_48_07_892325734  2601.000 16 12
2013_01_11_23_48_08_244688526  2601.000 16 10
2013_01_11_23_48_08_532952777  2601.000 16 8
2013_01_11_23_48_08_859784261  2601.000 16 6
2013_01_11_23_48_09_242615850  2601.000 16 4
2013_01_11_23_48_09_569905286  2601.000 18 16
2013_01_11_23_48_10_270516150  2601.000 18 14
2013_01_11_23_48_10_933798848  2601.000 18 12
2013_01_11_23_48_11_289980339  2601.000 18 10
2013_01_11_23_48_11_634045762  2601.000 18 8
2013_01_11_23_48_11_977463143  2601.000 18 6
2013_01_11_23_48_12_310525957  2601.000 18 4
2013_01_11_23_48_12_668114789  2601.000 20 16
2013_01_11_23_48_13_348938124  2601.000 20 14
2013_01_11_23_48_13_721435823  2601.000 20 12
2013_01_11_23_48_14_088700586  2601.000 20 10
2013_01_11_23_48_14_426446316  2601.000 20 8
2013_01_11_23_48_14_764581651  2601.000 20 6
2013_01_11_23_48_15_097479354  2601.000 20 4
2013_01_11_23_48_15_386649744  2601.000 22 16
2013_01_11_23_48_16_014211139  2601.000 22 14
2013_01_11_23_48_16_344431218  2601.000 22 12
2013_01_11_23_48_16_750087320  2601.000 22 10
2013_01_11_23_48_17_107472363  2601.000 22 8
2013_01_11_23_48_17_546404347  2601.000 22 6
2013_01_11_23_48_17_856921828  2601.000 22 4
2013_01_11_23_48_18_179729248  2601.000 24 16
2013_01_11_23_48_18_835468627  2601.000 24 14
2013_01_11_23_48_19_172971960  2601.000 24 12
2013_01_11_23_48_19_521875139  2601.000 24 10
2013_01_11_23_48_19_885599269  2601.000 24 8
2013_01_11_23_48_20_239564467  2601.000 24 6
2013_01_11_23_48_20_597604909  2601.000 24 4
2013_01_11_23_48_20_942875156  2601.000 26 16
2013_01_11_23_48_21_635596761  2601.000 26 14
2013_01_11_23_48_22_002742348  2601.000 26 12
2013_01_11_23_48_22_347957574  2601.000 26 10
2013_01_11_23_48_22_670333042  2601.000 26 8
2013_01_11_23_48_22_986403475  2601.000 26 6
2013_01_11_23_48_23_648609381  2601.000 26 4
2013_01_11_23_48_23_990303187  2601.000 28 16
2013_01_11_23_48_24_645257572  2601.000 28 14
2013_01_11_23_48_24_998462630  2601.000 28 12
2013_01_11_23_48_25_355097732  2601.000 28 10
2013_01_11_23_48_25_997222349  2601.000 28 8
2013_01_11_23_48_26_390739243  2601.000 28 6
2013_01_11_23_48_26_762632862  2601.000 28 4
2013_01_11_23_48_27_094234506  2601.000 30 16
2013_01_11_23_48_27_753614681  2601.000 30 14
2013_01_11_23_48_28_138468380  2601.000 30 12
2013_01_11_23_48_28_515442602  2601.000 30 10
2013_01_11_23_48_28_839611792  2601.000 30 8
2013_01_11_23_48_29_164362446  2601.000 30 6
2013_01_11_23_48_29_569633320  2601.000 30 4
2013_01_11_23_48_29_886639381  2601.000 32 16
2013_01_11_23_48_30_582878350  2601.000 32 14
2013_01_11_23_48_30_955055137  2601.000 32 12
2013_01_11_23_48_31_334809035  2601.000 32 10
2013_01_11_23_48_31_692831926  2601.000 32 8
2013_01_11_23_48_32_025281269  2601.000 32 6
2013_01_11_23_48_32_349145205  2601.000 32 4
2013_01_11_23_48_32_774582098  2601.000 8 16
2013_01_11_23_48_33_148506732  2601.000 8 14
2013_01_11_23_48_33_548007072  2601.000 8 12
2013_01_11_23_48_33_904065088  2601.000 8 10
2013_01_11_23_48_34_226428206  2601.000 8 8
2013_01_11_23_48_34_555539039  2601.000 8 6
2013_01_11_23_48_34_863772718  2601.000 8 4
2013_01_11_23_48_35_278729088  2601.000 10 16
2013_01_11_23_48_35_623734166  2601.000 10 14
2013_01_11_23_48_35_986394307  2601.000 10 12
2013_01_11_23_48_36_299372980  2601.000 10 10
2013_01_11_23_48_36_646862010  2601.000 10 8
2013_01_11_23_48_37_010858059  2601.000 10 6
2013_01_11_23_48_37_309921515  2601.000 10 4
2013_01_11_23_48_37_648867125  2601.000 12 16
2013_01_11_23_48_37_997849793  2601.000 12 14
2013_01_11_23_48_38_316061294  2601.000 12 12
2013_01_11_23_48_38_609570401  2601.000 12 10
2013_01_11_23_48_38_922985523  2601.000 12 8
2013_01_11_23_48_39_271705935  2601.000 12 6
2013_01_11_23_48_39_596205002  2601.000 12 4
2013_01_11_23_48_39_944858278  2601.000 14 16
2013_01_11_23_48_40_270861518  2601.000 14 14
2013_01_11_23_48_40_587423005  2601.000 14 12
2013_01_11_23_48_40_918596786  2601.000 14 10
2013_01_11_23_48_41_260580764  2601.000 14 8
2013_01_11_23_48_41_598854252  2601.000 14 6
2013_01_11_23_48_41_921900493  2601.000 14 4
2013_01_11_23_48_42_262539260  2601.000 16 16
2013_01_11_23_48_42_640582120  2601.000 16 14
2013_01_11_23_48_42_979840321  2601.000 16 12
2013_01_11_23_48_43_347606098  2601.000 16 10
2013_01_11_23_48_43_667380313  2601.000 16 8
2013_01_11_23_48_44_056534184  2601.000 16 6
2013_01_11_23_48_44_417838745  2601.000 16 4
2013_01_11_23_48_44_758056459  2601.000 18 16
2013_01_11_23_48_45_156520985  2601.000 18 14
2013_01_11_23_48_45_510818343  2601.000 18 12
2013_01_11_23_48_45_827582070  2601.000 18 10
2013_01_11_23_48_46_190921232  2601.000 18 8
2013_01_11_23_48_46_494499924  2601.000 18 6
2013_01_11_23_48_46_978595202  2601.000 18 4
2013_01_11_23_48_47_294958571  2601.000 20 16
2013_01_11_23_48_47_675580152  2601.000 20 14
2013_01_11_23_48_48_061850149  2601.000 20 12
2013_01_11_23_48_48_416292898  2601.000 20 10
2013_01_11_23_48_48_725955612  2601.000 20 8
2013_01_11_23_48_49_089136682  2601.000 20 6
2013_01_11_23_48_49_465787221  2601.000 20 4
2013_01_11_23_48_49_856237235  2601.000 22 16
2013_01_11_23_48_50_237526705  2601.000 22 14
2013_01_11_23_48_50_561485697  2601.000 22 12
2013_01_11_23_48_50_881678452  2601.000 22 10
2013_01_11_23_48_51_259626780  2601.000 22 8
2013_01_11_23_48_51_613490048  2601.000 22 6
2013_01_11_23_48_51_955293242  2601.000 22 4
2013_01_11_23_48_52_309243846  2601.000 24 16
2013_01_11_23_48_52_639836364  2601.000 24 14
2013_01_11_23_48_53_037952270  2601.000 24 12
2013_01_11_23_48_53_415841367  2601.000 24 10
2013_01_11_23_48_53_764538100  2601.000 24 8
2013_01_11_23_48_54_142146137  2601.000 24 6
2013_01_11_23_48_54_526409301  2601.000 24 4
2013_01_11_23_48_54_848627960  2601.000 26 16
2013_01_11_23_48_55_206517351  2601.000 26 14
2013_01_11_23_48_55_555538233  2601.000 26 12
2013_01_11_23_48_55_923365163  2601.000 26 10
2013_01_11_23_48_56_263138958  2601.000 26 8
2013_01_11_23_48_56_611222640  2601.000 26 6
2013_01_11_23_48_56_960293097  2601.000 26 4
2013_01_11_23_48_57_308384463  2601.000 28 16
2013_01_11_23_48_57_609864595  2601.000 28 14
2013_01_11_23_48_57_981133444  2601.000 28 12
2013_01_11_23_48_58_270591855  2601.000 28 10
2013_01_11_23_48_58_661376788  2601.000 28 8
2013_01_11_23_48_59_052634083  2601.000 28 6
2013_01_11_23_48_59_390099799  2601.000 28 4
2013_01_11_23_48_59_743074427  2601.000 30 16
2013_01_11_23_49_00_104441651  2601.000 30 14
2013_01_11_23_49_00_470614693  2601.000 30 12
2013_01_11_23_49_00_820430853  2601.000 30 10
2013_01_11_23_49_01_142455909  2601.000 30 8
2013_01_11_23_49_01_461545235  2601.000 30 6
2013_01_11_23_49_01_801614658  2601.000 30 4
2013_01_11_23_49_02_180547450  2601.000 32 16
2013_01_11_23_49_02_642393182  2601.000 32 14
2013_01_11_23_49_02_952377865  2601.000 32 12
2013_01_11_23_49_03_295592880  2601.000 32 10
2013_01_11_23_49_03_635962621  2601.000 32 8
2013_01_11_23_49_03_972455125  2601.000 32 6
2013_01_11_23_49_04_321547586  2601.000 32 4
2013_01_11_23_49_04_717712041  2601.000 8 16
2013_01_11_23_49_05_051385374  2601.000 8 14
2013_01_11_23_49_05_371663374  2601.000 8 12
2013_01_11_23_49_05_726109061  2601.000 8 10
2013_01_11_23_49_06_037376373  2601.000 8 8
2013_01_11_23_49_06_447519129  2601.000 8 6
2013_01_11_23_49_06_737859059  2601.000 8 4
2013_01_11_23_49_07_055643180  2601.000 10 16
2013_01_11_23_49_07_438392412  2601.000 10 14
2013_01_11_23_49_07_780708903  2601.000 10 12
2013_01_11_23_49_08_147562861  2601.000 10 10
2013_01_11_23_49_08_473190252  2601.000 10 8
2013_01_11_23_49_08_831931146  2601.000 10 6
2013_01_11_23_49_09_179661329  2601.000 10 4
2013_01_11_23_49_09_489160419  2601.000 12 16
2013_01_11_23_49_09_794762930  2601.000 12 14
2013_01_11_23_49_10_151585953  2601.000 12 12
2013_01_11_23_49_10_521360358  2601.000 12 10
2013_01_11_23_49_10_850688230  2601.000 12 8
2013_01_11_23_49_11_210479229  2601.000 12 6
2013_01_11_23_49_11_576696716  2601.000 12 4
2013_01_11_23_49_11_926010380  2601.000 14 16
2013_01_11_23_49_12_288546431  2601.000 14 14
2013_01_11_23_49_12_662915347  2601.000 14 12
2013_01_11_23_49_13_017682136  2601.000 14 10
2013_01_11_23_49_13_346885651  2601.000 14 8
2013_01_11_23_49_13_704464642  2601.000 14 6
2013_01_11_23_49_14_050655823  2601.000 14 4
2013_01_11_23_49_14_384344994  2601.000 16 16
2013_01_11_23_49_14_786577095  2601.000 16 14
2013_01_11_23_49_15_153821841  2601.000 16 12
2013_01_11_23_49_15_479055915  2601.000 16 10
2013_01_11_23_49_15_840271502  2601.000 16 8
2013_01_11_23_49_16_184953689  2601.000 16 6
2013_01_11_23_49_16_547264756  2601.000 16 4
2013_01_11_23_49_16_893727076  2601.000 18 16
2013_01_11_23_49_17_218803855  2601.000 18 14
2013_01_11_23_49_17_575390235  2601.000 18 12
2013_01_11_23_49_18_302540773  2601.000 18 10
2013_01_11_23_49_18_634841378  2601.000 18 8
2013_01_11_23_49_18_954329979  2601.000 18 6
2013_01_11_23_49_19_323409766  2601.000 18 4
2013_01_11_23_49_19_655488154  2601.000 20 16
2013_01_11_23_49_20_062493789  2601.000 20 14
2013_01_11_23_49_20_419578314  2601.000 20 12
2013_01_11_23_49_20_735007729  2601.000 20 10
2013_01_11_23_49_21_106737719  2601.000 20 8
2013_01_11_23_49_21_398843625  2601.000 20 6
2013_01_11_23_49_21_739327457  2601.000 20 4
2013_01_11_23_49_22_061086344  2601.000 22 16
2013_01_11_23_49_22_436435833  2601.000 22 14
2013_01_11_23_49_22_880083758  2601.000 22 12
2013_01_11_23_49_23_258465639  2601.000 22 10
2013_01_11_23_49_23_586059057  2601.000 22 8
2013_01_11_23_49_24_019042102  2601.000 22 6
2013_01_11_23_49_24_361194183  2601.000 22 4
2013_01_11_23_49_24_709104014  2601.000 24 16
2013_01_11_23_49_25_063984525  2601.000 24 14
2013_01_11_23_49_25_421309650  2601.000 24 12
2013_01_11_23_49_25_736271681  2601.000 24 10
2013_01_11_23_49_26_095505293  2601.000 24 8
2013_01_11_23_49_26_436347610  2601.000 24 6
2013_01_11_23_49_26_776224378  2601.000 24 4
2013_01_11_23_49_27_083636196  2601.000 26 16
2013_01_11_23_49_27_419665256  2601.000 26 14
2013_01_11_23_49_27_737389427  2601.000 26 12
2013_01_11_23_49_28_084450248  2601.000 26 10
2013_01_11_23_49_28_401233434  2601.000 26 8
2013_01_11_23_49_28_731220397  2601.000 26 6
2013_01_11_23_49_29_085046124  2601.000 26 4
2013_01_11_23_49_29_505129433  2601.000 28 16
2013_01_11_23_49_29_846904488  2601.000 28 14
2013_01_11_23_49_30_242531208  2601.000 28 12
2013_01_11_23_49_30_605542911  2601.000 28 10
2013_01_11_23_49_30_938503635  2601.000 28 8
2013_01_11_23_49_31_251327350  2601.000 28 6
2013_01_11_23_49_31_573836837  2601.000 28 4
2013_01_11_23_49_31_984441238  2601.000 30 16
2013_01_11_23_49_32_299560075  2601.000 30 14
2013_01_11_23_49_32_594594904  2601.000 30 12
2013_01_11_23_49_32_902386974  2601.000 30 10
2013_01_11_23_49_33_268019409  2601.000 30 8
2013_01_11_23_49_33_593310036  2601.000 30 6
2013_01_11_23_49_33_946850913  2601.000 30 4
2013_01_11_23_49_34_301410898  2601.000 32 16
2013_01_11_23_49_34_656582466  2601.000 32 14
2013_01_11_23_49_35_027955837  2601.000 32 12
2013_01_11_23_49_35_369832107  2601.000 32 10
2013_01_11_23_49_35_689339560  2601.000 32 8
2013_01_11_23_49_36_058852391  2601.000 32 6
2013_01_11_23_49_36_388511727  2601.000 32 4
2013_01_11_23_49_36_704571976  2601.000 8 16
2013_01_11_23_49_37_044313367  2601.000 8 14
2013_01_11_23_49_37_390012592  2601.000 8 12
2013_01_11_23_49_37_702028873  2601.000 8 10
2013_01_11_23_49_38_048749918  2601.000 8 8
2013_01_11_23_49_38_386584916  2601.000 8 6
2013_01_11_23_49_38_758473477  2601.000 8 4
2013_01_11_23_49_39_102886072  2601.000 10 16
2013_01_11_23_49_39_444889643  2601.000 10 14
2013_01_11_23_49_39_741230749  2601.000 10 12
2013_01_11_23_49_40_079316652  2601.000 10 10
2013_01_11_23_49_40_365248681  2601.000 10 8
2013_01_11_23_49_40_729505574  2601.000 10 6
2013_01_11_23_49_41_084592479  2601.000 10 4
2013_01_11_23_49_41_412805523  2601.000 12 16
2013_01_11_23_49_41_715574984  2601.000 12 14
2013_01_11_23_49_42_007638981  2601.000 12 12
2013_01_11_23_49_42_337566064  2601.000 12 10
2013_01_11_23_49_42_719902111  2601.000 12 8
2013_01_11_23_49_43_071119621  2601.000 12 6
2013_01_11_23_49_43_400458350  2601.000 12 4
2013_01_11_23_49_43_733838932  2601.000 14 16
2013_01_11_23_49_44_079653444  2601.000 14 14
2013_01_11_23_49_44_399460097  2601.000 14 12
2013_01_11_23_49_44_721190661  2601.000 14 10
2013_01_11_23_49_45_095075990  2601.000 14 8
2013_01_11_23_49_45_452372299  2601.000 14 6
2013_01_11_23_49_45_771611195  2601.000 14 4
2013_01_11_23_49_46_117403005  2601.000 16 16
2013_01_11_23_49_46_461488313  2601.000 16 14
2013_01_11_23_49_46_786843440  2601.000 16 12
2013_01_11_23_49_47_139079392  2601.000 16 10
2013_01_11_23_49_47_442748322  2601.000 16 8
2013_01_11_23_49_47_802576496  2601.000 16 6
2013_01_11_23_49_48_110654243  2601.000 16 4
2013_01_11_23_49_48_464830375  2601.000 18 16
2013_01_11_23_49_48_817836852  2601.000 18 14
2013_01_11_23_49_49_117955092  2601.000 18 12
2013_01_11_23_49_49_400912291  2601.000 18 10
2013_01_11_23_49_49_692029743  2601.000 18 8
2013_01_11_23_49_50_062538507  2601.000 18 6
2013_01_11_23_49_50_357605177  2601.000 18 4
2013_01_11_23_49_50_689196749  2601.000 20 16
2013_01_11_23_49_51_017901411  2601.000 20 14
2013_01_11_23_49_51_335469559  2601.000 20 12
2013_01_11_23_49_51_696821219  2601.000 20 10
2013_01_11_23_49_51_998278801  2601.000 20 8
2013_01_11_23_49_52_382566350  2601.000 20 6
2013_01_11_23_49_52_740380579  2601.000 20 4
2013_01_11_23_49_53_089815503  2601.000 22 16
2013_01_11_23_49_53_435417550  2601.000 22 14
2013_01_11_23_49_53_795317851  2601.000 22 12
2013_01_11_23_49_54_130904561  2601.000 22 10
2013_01_11_23_49_54_476454079  2601.000 22 8
2013_01_11_23_49_54_848622627  2601.000 22 6
2013_01_11_23_49_55_162651218  2601.000 22 4
2013_01_11_23_49_55_543996794  2601.000 24 16
2013_01_11_23_49_55_864606163  2601.000 24 14
2013_01_11_23_49_56_202637598  2601.000 24 12
2013_01_11_23_49_56_586371178  2601.000 24 10
2013_01_11_23_49_56_992022732  2601.000 24 8
2013_01_11_23_49_57_352111724  2601.000 24 6
2013_01_11_23_49_57_662545725  2601.000 24 4
2013_01_11_23_49_58_016952571  2601.000 26 16
2013_01_11_23_49_58_347064544  2601.000 26 14
2013_01_11_23_49_58_713903016  2601.000 26 12
2013_01_11_23_49_59_048422189  2601.000 26 10
2013_01_11_23_49_59_378412698  2601.000 26 8
2013_01_11_23_49_59_928926053  2601.000 26 6
2013_01_11_23_50_00_282502236  2601.000 26 4
2013_01_11_23_50_00_613402020  2601.000 28 16
2013_01_11_23_50_00_953469385  2601.000 28 14
2013_01_11_23_50_01_272109577  2601.000 28 12
2013_01_11_23_50_01_598306434  2601.000 28 10
2013_01_11_23_50_01_951057067  2601.000 28 8
2013_01_11_23_50_02_339522272  2601.000 28 6
2013_01_11_23_50_02_708503047  2601.000 28 4
2013_01_11_23_50_03_141098291  2601.000 30 16
2013_01_11_23_50_03_506944847  2601.000 30 14
2013_01_11_23_50_04_024512295  2601.000 30 12
2013_01_11_23_50_04_372825320  2601.000 30 10
2013_01_11_23_50_04_743256614  2601.000 30 8
2013_01_11_23_50_05_070597191  2601.000 30 6
2013_01_11_23_50_05_424378216  2601.000 30 4
2013_01_11_23_50_05_801654189  2601.000 32 16
2013_01_11_23_50_06_163085186  2601.000 32 14
2013_01_11_23_50_06_504551847  2601.000 32 12
2013_01_11_23_50_06_880436249  2601.000 32 10
2013_01_11_23_50_07_455860344  2601.000 32 8
2013_01_11_23_50_07_814592901  2601.000 32 6
2013_01_11_23_50_08_173863343  2601.000 32 4
2013_01_11_23_50_08_545842923  2601.000 8 16
2013_01_11_23_50_08_838537266  2601.000 8 14
2013_01_11_23_50_09_131843238  2601.000 8 12
2013_01_11_23_50_09_466395484  2601.000 8 10
2013_01_11_23_50_09_773953394  2601.000 8 8
2013_01_11_23_50_10_123511181  2601.000 8 6
2013_01_11_23_50_10_470734749  2601.000 8 4
2013_01_11_23_50_10_838501581  2601.000 10 16
2013_01_11_23_50_11_132987996  2601.000 10 14
2013_01_11_23_50_11_495944056  2601.000 10 12
2013_01_11_23_50_11_827044583  2601.000 10 10
2013_01_11_23_50_12_158992606  2601.000 10 8
2013_01_11_23_50_12_517841292  2601.000 10 6
2013_01_11_23_50_12_928503751  2601.000 10 4
2013_01_11_23_50_13_265068116  2601.000 12 16
2013_01_11_23_50_13_574010412  2601.000 12 14
2013_01_11_23_50_13_889524354  2601.000 12 12
2013_01_11_23_50_14_238616744  2601.000 12 10
2013_01_11_23_50_14_565455403  2601.000 12 8
2013_01_11_23_50_14_913107726  2601.000 12 6
2013_01_11_23_50_15_308877623  2601.000 12 4
2013_01_11_23_50_15_647302559  2601.000 14 16
2013_01_11_23_50_16_023628357  2601.000 14 14
2013_01_11_23_50_16_355506488  2601.000 14 12
2013_01_11_23_50_16_658174087  2601.000 14 10
2013_01_11_23_50_16_982716469  2601.000 14 8
2013_01_11_23_50_17_315528920  2601.000 14 6
2013_01_11_23_50_17_679311999  2601.000 14 4
2013_01_11_23_50_18_025885276  2601.000 16 16
2013_01_11_23_50_18_390530182  2601.000 16 14
2013_01_11_23_50_18_773594721  2601.000 16 12
2013_01_11_23_50_19_133760652  2601.000 16 10
2013_01_11_23_50_19_442764654  2601.000 16 8
2013_01_11_23_50_19_764444570  2601.000 16 6
2013_01_11_23_50_20_085541889  2601.000 16 4
2013_01_11_23_50_20_384040673  2601.000 18 16
2013_01_11_23_50_20_736627844  2601.000 18 14
2013_01_11_23_50_21_106400064  2601.000 18 12
2013_01_11_23_50_21_429437246  2601.000 18 10
2013_01_11_23_50_21_791882321  2601.000 18 8
2013_01_11_23_50_22_110037102  2601.000 18 6
2013_01_11_23_50_22_657361916  2601.000 18 4
2013_01_11_23_50_23_029374175  2601.000 20 16
2013_01_11_23_50_23_390906024  2601.000 20 14
2013_01_11_23_50_23_737330965  2601.000 20 12
2013_01_11_23_50_24_086880354  2601.000 20 10
2013_01_11_23_50_24_416624512  2601.000 20 8
2013_01_11_23_50_24_770370465  2601.000 20 6
2013_01_11_23_50_25_193075250  2601.000 20 4
2013_01_11_23_50_25_573237257  2601.000 22 16
2013_01_11_23_50_25_948766792  2601.000 22 14
2013_01_11_23_50_26_300997121  2601.000 22 12
2013_01_11_23_50_26_631512170  2601.000 22 10
2013_01_11_23_50_27_005262373  2601.000 22 8
2013_01_11_23_50_27_363224561  2601.000 22 6
2013_01_11_23_50_27_729929835  2601.000 22 4
2013_01_11_23_50_28_111884757  2601.000 24 16
2013_01_11_23_50_28_463713389  2601.000 24 14
2013_01_11_23_50_28_840457939  2601.000 24 12
2013_01_11_23_50_29_183176871  2601.000 24 10
2013_01_11_23_50_29_534628983  2601.000 24 8
2013_01_11_23_50_29_916507304  2601.000 24 6
2013_01_11_23_50_30_310127731  2601.000 24 4
2013_01_11_23_50_30_635472613  2601.000 26 16
2013_01_11_23_50_30_982477069  2601.000 26 14
2013_01_11_23_50_31_291100416  2601.000 26 12
2013_01_11_23_50_31_654549225  2601.000 26 10
2013_01_11_23_50_32_040610380  2601.000 26 8
2013_01_11_23_50_32_361672206  2601.000 26 6
2013_01_11_23_50_32_721032255  2601.000 26 4
2013_01_11_23_50_33_088699894  2601.000 28 16
2013_01_11_23_50_33_445282905  2601.000 28 14
2013_01_11_23_50_33_791828477  2601.000 28 12
2013_01_11_23_50_34_319463817  2601.000 28 10
2013_01_11_23_50_34_680068091  2601.000 28 8
2013_01_11_23_50_35_071899188  2601.000 28 6
2013_01_11_23_50_35_445397034  2601.000 28 4
2013_01_11_23_50_35_799066509  2601.000 30 16
2013_01_11_23_50_36_152545857  2601.000 30 14
2013_01_11_23_50_36_488909132  2601.000 30 12
2013_01_11_23_50_36_889598175  2601.000 30 10
2013_01_11_23_50_37_256397410  2601.000 30 8
2013_01_11_23_50_37_549478298  2601.000 30 6
2013_01_11_23_50_37_875308484  2601.000 30 4
2013_01_11_23_50_38_213686574  2601.000 32 16
2013_01_11_23_50_38_618875171  2601.000 32 14
2013_01_11_23_50_38_969527250  2601.000 32 12
2013_01_11_23_50_39_324802776  2601.000 32 10
2013_01_11_23_50_39_725623030  2601.000 32 8
2013_01_11_23_50_40_085389663  2601.000 32 6
2013_01_11_23_50_40_459679576  2601.000 32 4
2013_01_11_23_51_34_747034412  2601.000 8 16
2013_01_11_23_51_35_545586171  2601.000 8 14
2013_01_11_23_51_35_869515697  2601.000 8 12
2013_01_11_23_51_36_241695151  2601.000 8 10
2013_01_11_23_51_36_579610967  2601.000 8 8
2013_01_11_23_51_36_945436667  2601.000 8 6
2013_01_11_23_51_37_303233744  2601.000 8 4
2013_01_11_23_51_37_641610085  2601.000 10 16
2013_01_11_23_51_38_327440207  2601.000 10 14
2013_01_11_23_51_38_670068507  2601.000 10 12
2013_01_11_23_51_39_017560190  2601.000 10 10
2013_01_11_23_51_39_358463414  2601.000 10 8
2013_01_11_23_51_39_670086511  2601.000 10 6
2013_01_11_23_51_39_988546199  2601.000 10 4
2013_01_11_23_51_40_310079483  2601.000 12 16
2013_01_11_23_51_40_951338224  2601.000 12 14
2013_01_11_23_51_41_310062801  2601.000 12 12
2013_01_11_23_51_41_673513824  2601.000 12 10
2013_01_11_23_51_42_029694757  2601.000 12 8
2013_01_11_23_51_42_722787829  2601.000 12 6
2013_01_11_23_51_43_062613219  2601.000 12 4
2013_01_11_23_51_43_437819013  2601.000 14 16
2013_01_11_23_51_44_088358842  2601.000 14 14
2013_01_11_23_51_44_725478265  2601.000 14 12
2013_01_11_23_51_45_027402289  2601.000 14 10
2013_01_11_23_51_45_350573928  2601.000 14 8
2013_01_11_23_51_45_691484489  2601.000 14 6
2013_01_11_23_51_46_026567340  2601.000 14 4
2013_01_11_23_51_46_364527409  2601.000 16 16
2013_01_11_23_51_47_071611659  2601.000 16 14
2013_01_11_23_51_47_420498336  2601.000 16 12
2013_01_11_23_51_47_762587399  2601.000 16 10
2013_01_11_23_51_48_111968312  2601.000 16 8
2013_01_11_23_51_48_427020615  2601.000 16 6
2013_01_11_23_51_49_060248819  2601.000 16 4
2013_01_11_23_51_49_413171778  2601.000 18 16
2013_01_11_23_51_50_131356044  2601.000 18 14
2013_01_11_23_51_50_456551798  2601.000 18 12
2013_01_11_23_51_50_937595715  2601.000 18 10
2013_01_11_23_51_51_595275050  2601.000 18 8
2013_01_11_23_51_51_907764533  2601.000 18 6
2013_01_11_23_51_52_273729411  2601.000 18 4
2013_01_11_23_51_52_576103716  2601.000 20 16
2013_01_11_23_51_53_272944286  2601.000 20 14
2013_01_11_23_51_53_929049491  2601.000 20 12
2013_01_11_23_51_54_302018870  2601.000 20 10
2013_01_11_23_51_54_606899298  2601.000 20 8
2013_01_11_23_51_54_923073243  2601.000 20 6
2013_01_11_23_51_55_271194890  2601.000 20 4
2013_01_11_23_51_55_593604340  2601.000 22 16
2013_01_11_23_51_56_241804478  2601.000 22 14
2013_01_11_23_51_56_580411051  2601.000 22 12
2013_01_11_23_51_56_889603870  2601.000 22 10
2013_01_11_23_51_57_205124565  2601.000 22 8
2013_01_11_23_51_57_885748320  2601.000 22 6
2013_01_11_23_51_58_231572281  2601.000 22 4
2013_01_11_23_51_58_585452317  2601.000 24 16
2013_01_11_23_51_59_180865118  2601.000 24 14
2013_01_11_23_51_59_543439940  2601.000 24 12
2013_01_11_23_51_59_907726715  2601.000 24 10
2013_01_11_23_52_00_574939488  2601.000 24 8
2013_01_11_23_52_01_047834681  2601.000 24 6
2013_01_11_23_52_01_369470613  2601.000 24 4
2013_01_11_23_52_01_657820801  2601.000 26 16
2013_01_11_23_52_02_301521199  2601.000 26 14
2013_01_11_23_52_02_627682825  2601.000 26 12
2013_01_11_23_52_03_023275636  2601.000 26 10
2013_01_11_23_52_03_698893751  2601.000 26 8
2013_01_11_23_52_04_017275585  2601.000 26 6
2013_01_11_23_52_04_376992147  2601.000 26 4
2013_01_11_23_52_04_749572307  2601.000 28 16
2013_01_11_23_52_05_433611923  2601.000 28 14
2013_01_11_23_52_05_807061586  2601.000 28 12
2013_01_11_23_52_06_139422120  2601.000 28 10
2013_01_11_23_52_06_529735493  2601.000 28 8
2013_01_11_23_52_07_230773372  2601.000 28 6
2013_01_11_23_52_07_598068405  2601.000 28 4
2013_01_11_23_52_07_887962024  2601.000 30 16
2013_01_11_23_52_08_583758707  2601.000 30 14
2013_01_11_23_52_08_964942308  2601.000 30 12
2013_01_11_23_52_09_637294227  2601.000 30 10
2013_01_11_23_52_09_994814143  2601.000 30 8
2013_01_11_23_52_10_353069666  2601.000 30 6
2013_01_11_23_52_10_684395363  2601.000 30 4
2013_01_11_23_52_11_375414313  2601.000 32 16
2013_01_11_23_52_12_074958579  2601.000 32 14
2013_01_11_23_52_12_432522544  2601.000 32 12
2013_01_11_23_52_12_786094352  2601.000 32 10
2013_01_11_23_52_13_152766136  2601.000 32 8
2013_01_11_23_52_13_592305183  2601.000 32 6
2013_01_11_23_52_13_952300962  2601.000 32 4
2013_01_11_23_52_14_252938191  2601.000 8 16
2013_01_11_23_52_14_591370314  2601.000 8 14
2013_01_11_23_52_14_954858328  2601.000 8 12
2013_01_11_23_52_15_274668868  2601.000 8 10
2013_01_11_23_52_15_589809609  2601.000 8 8
2013_01_11_23_52_15_912432359  2601.000 8 6
2013_01_11_23_52_16_271793402  2601.000 8 4
2013_01_11_23_52_16_548236959  2601.000 10 16
2013_01_11_23_52_16_978581227  2601.000 10 14
2013_01_11_23_52_17_656082218  2601.000 10 12
2013_01_11_23_52_17_994772675  2601.000 10 10
2013_01_11_23_52_18_276982317  2601.000 10 8
2013_01_11_23_52_18_612818422  2601.000 10 6
2013_01_11_23_52_18_962590839  2601.000 10 4
2013_01_11_23_52_19_299697160  2601.000 12 16
2013_01_11_23_52_19_644243494  2601.000 12 14
2013_01_11_23_52_19_972501706  2601.000 12 12
2013_01_11_23_52_20_266882582  2601.000 12 10
2013_01_11_23_52_20_549546191  2601.000 12 8
2013_01_11_23_52_20_969413280  2601.000 12 6
2013_01_11_23_52_21_305485877  2601.000 12 4
2013_01_11_23_52_21_661776130  2601.000 14 16
2013_01_11_23_52_22_030242446  2601.000 14 14
2013_01_11_23_52_22_382845089  2601.000 14 12
2013_01_11_23_52_22_661701539  2601.000 14 10
2013_01_11_23_52_22_990415021  2601.000 14 8
2013_01_11_23_52_23_321907235  2601.000 14 6
2013_01_11_23_52_23_648655978  2601.000 14 4
2013_01_11_23_52_23_980615794  2601.000 16 16
2013_01_11_23_52_24_426804739  2601.000 16 14
2013_01_11_23_52_24_728570553  2601.000 16 12
2013_01_11_23_52_25_063215440  2601.000 16 10
2013_01_11_23_52_25_398525899  2601.000 16 8
2013_01_11_23_52_25_744590303  2601.000 16 6
2013_01_11_23_52_26_105650961  2601.000 16 4
2013_01_11_23_52_26_501524273  2601.000 18 16
2013_01_11_23_52_26_900511258  2601.000 18 14
2013_01_11_23_52_27_257575315  2601.000 18 12
2013_01_11_23_52_27_574488899  2601.000 18 10
2013_01_11_23_52_27_852828297  2601.000 18 8
2013_01_11_23_52_28_179731474  2601.000 18 6
2013_01_11_23_52_28_529309619  2601.000 18 4
2013_01_11_23_52_28_826631636  2601.000 20 16
2013_01_11_23_52_29_183026265  2601.000 20 14
2013_01_11_23_52_29_591455049  2601.000 20 12
2013_01_11_23_52_29_926036574  2601.000 20 10
2013_01_11_23_52_30_313557724  2601.000 20 8
2013_01_11_23_52_30_658538157  2601.000 20 6
2013_01_11_23_52_31_007462485  2601.000 20 4
2013_01_11_23_52_31_358331563  2601.000 22 16
2013_01_11_23_52_31_703164516  2601.000 22 14
2013_01_11_23_52_32_067064710  2601.000 22 12
2013_01_11_23_52_32_448431425  2601.000 22 10
2013_01_11_23_52_32_798721421  2601.000 22 8
2013_01_11_23_52_33_117882137  2601.000 22 6
2013_01_11_23_52_33_426539860  2601.000 22 4
2013_01_11_23_52_33_789855280  2601.000 24 16
2013_01_11_23_52_34_121853064  2601.000 24 14
2013_01_11_23_52_34_490849579  2601.000 24 12
2013_01_11_23_52_34_883867350  2601.000 24 10
2013_01_11_23_52_35_261517126  2601.000 24 8
2013_01_11_23_52_35_596811274  2601.000 24 6
2013_01_11_23_52_35_957974564  2601.000 24 4
2013_01_11_23_52_36_311449163  2601.000 26 16
2013_01_11_23_52_36_718890712  2601.000 26 14
2013_01_11_23_52_37_094573714  2601.000 26 12
2013_01_11_23_52_37_471626420  2601.000 26 10
2013_01_11_23_52_37_842283671  2601.000 26 8
2013_01_11_23_52_38_167739893  2601.000 26 6
2013_01_11_23_52_38_485854242  2601.000 26 4
2013_01_11_23_52_38_838219449  2601.000 28 16
2013_01_11_23_52_39_251594196  2601.000 28 14
2013_01_11_23_52_39_604965461  2601.000 28 12
2013_01_11_23_52_40_000685506  2601.000 28 10
2013_01_11_23_52_40_323420127  2601.000 28 8
2013_01_11_23_52_40_654593537  2601.000 28 6
2013_01_11_23_52_41_042639597  2601.000 28 4
2013_01_11_23_52_41_351042905  2601.000 30 16
2013_01_11_23_52_41_722380529  2601.000 30 14
2013_01_11_23_52_42_064463765  2601.000 30 12
2013_01_11_23_52_42_405329874  2601.000 30 10
2013_01_11_23_52_42_749869336  2601.000 30 8
2013_01_11_23_52_43_089674355  2601.000 30 6
2013_01_11_23_52_43_434629598  2601.000 30 4
2013_01_11_23_52_43_766965170  2601.000 32 16
2013_01_11_23_52_44_145969036  2601.000 32 14
2013_01_11_23_52_44_718228761  2601.000 32 12
2013_01_11_23_52_45_104480746  2601.000 32 10
2013_01_11_23_52_45_454466680  2601.000 32 8
2013_01_11_23_52_45_806527510  2601.000 32 6
2013_01_11_23_52_46_209618502  2601.000 32 4
2013_01_11_23_52_46_577963523  2601.000 8 16
2013_01_11_23_52_46_925124239  2601.000 8 14
2013_01_11_23_52_47_219117689  2601.000 8 12
2013_01_11_23_52_47_508310958  2601.000 8 10
2013_01_11_23_52_47_921853171  2601.000 8 8
2013_01_11_23_52_48_290995244  2601.000 8 6
2013_01_11_23_52_48_653128671  2601.000 8 4
2013_01_11_23_52_48_953359573  2601.000 10 16
2013_01_11_23_52_49_266479925  2601.000 10 14
2013_01_11_23_52_49_568288247  2601.000 10 12
2013_01_11_23_52_49_874672006  2601.000 10 10
2013_01_11_23_52_50_195387225  2601.000 10 8
2013_01_11_23_52_50_509395563  2601.000 10 6
2013_01_11_23_52_50_867401433  2601.000 10 4
2013_01_11_23_52_51_263614408  2601.000 12 16
2013_01_11_23_52_51_605846677  2601.000 12 14
2013_01_11_23_52_51_955401448  2601.000 12 12
2013_01_11_23_52_52_253020962  2601.000 12 10
2013_01_11_23_52_52_563330868  2601.000 12 8
2013_01_11_23_52_53_320456277  2601.000 12 6
2013_01_11_23_52_53_629589933  2601.000 12 4
2013_01_11_23_52_53_953204271  2601.000 14 16
2013_01_11_23_52_54_328893015  2601.000 14 14
2013_01_11_23_52_54_687531659  2601.000 14 12
2013_01_11_23_52_55_047729614  2601.000 14 10
2013_01_11_23_52_55_378356837  2601.000 14 8
2013_01_11_23_52_55_731614384  2601.000 14 6
2013_01_11_23_52_56_091360544  2601.000 14 4
2013_01_11_23_52_56_402886690  2601.000 16 16
2013_01_11_23_52_56_728804102  2601.000 16 14
2013_01_11_23_52_57_103463469  2601.000 16 12
2013_01_11_23_52_57_423611491  2601.000 16 10
2013_01_11_23_52_57_737979940  2601.000 16 8
2013_01_11_23_52_58_085753152  2601.000 16 6
2013_01_11_23_52_58_431074052  2601.000 16 4
2013_01_11_23_52_58_781240789  2601.000 18 16
2013_01_11_23_52_59_113658350  2601.000 18 14
2013_01_11_23_52_59_449912618  2601.000 18 12
2013_01_11_23_52_59_786384235  2601.000 18 10
2013_01_11_23_53_00_126422415  2601.000 18 8
2013_01_11_23_53_00_469621985  2601.000 18 6
2013_01_11_23_53_00_861551340  2601.000 18 4
2013_01_11_23_53_01_155903356  2601.000 20 16
2013_01_11_23_53_01_621114496  2601.000 20 14
2013_01_11_23_53_01_993698889  2601.000 20 12
2013_01_11_23_53_02_703789636  2601.000 20 10
2013_01_11_23_53_03_057906211  2601.000 20 8
2013_01_11_23_53_03_422505264  2601.000 20 6
2013_01_11_23_53_03_764428848  2601.000 20 4
2013_01_11_23_53_04_078304765  2601.000 22 16
2013_01_11_23_53_04_469976782  2601.000 22 14
2013_01_11_23_53_04_832214006  2601.000 22 12
2013_01_11_23_53_05_207447407  2601.000 22 10
2013_01_11_23_53_05_537949775  2601.000 22 8
2013_01_11_23_53_05_910594788  2601.000 22 6
2013_01_11_23_53_06_257475693  2601.000 22 4
2013_01_11_23_53_06_574565251  2601.000 24 16
2013_01_11_23_53_06_934044166  2601.000 24 14
2013_01_11_23_53_07_250378703  2601.000 24 12
2013_01_11_23_53_07_570444989  2601.000 24 10
2013_01_11_23_53_07_889386702  2601.000 24 8
2013_01_11_23_53_08_248446758  2601.000 24 6
2013_01_11_23_53_08_579116820  2601.000 24 4
2013_01_11_23_53_08_929938772  2601.000 26 16
2013_01_11_23_53_09_284658503  2601.000 26 14
2013_01_11_23_53_09_624592149  2601.000 26 12
2013_01_11_23_53_09_956819526  2601.000 26 10
2013_01_11_23_53_10_276571640  2601.000 26 8
2013_01_11_23_53_10_633462794  2601.000 26 6
2013_01_11_23_53_10_954619078  2601.000 26 4
2013_01_11_23_53_11_322682831  2601.000 28 16
2013_01_11_23_53_11_693658249  2601.000 28 14
2013_01_11_23_53_12_026160712  2601.000 28 12
2013_01_11_23_53_12_385635277  2601.000 28 10
2013_01_11_23_53_12_752043245  2601.000 28 8
2013_01_11_23_53_13_061225092  2601.000 28 6
2013_01_11_23_53_13_408122664  2601.000 28 4
2013_01_11_23_53_13_725841620  2601.000 30 16
2013_01_11_23_53_14_080769979  2601.000 30 14
2013_01_11_23_53_14_454669160  2601.000 30 12
2013_01_11_23_53_14_786957806  2601.000 30 10
2013_01_11_23_53_15_113826797  2601.000 30 8
2013_01_11_23_53_15_459411587  2601.000 30 6
2013_01_11_23_53_15_798566144  2601.000 30 4
2013_01_11_23_53_16_119753144  2601.000 32 16
2013_01_11_23_53_16_519041191  2601.000 32 14
2013_01_11_23_53_16_888080108  2601.000 32 12
2013_01_11_23_53_17_246443447  2601.000 32 10
2013_01_11_23_53_17_565971542  2601.000 32 8
2013_01_11_23_53_17_943668515  2601.000 32 6
2013_01_11_23_53_18_335259968  2601.000 32 4
2013_01_11_23_53_18_691635480  2601.000 8 16
2013_01_11_23_53_18_999634621  2601.000 8 14
2013_01_11_23_53_19_292588688  2601.000 8 12
2013_01_11_23_53_19_627687732  2601.000 8 10
2013_01_11_23_53_19_914027340  2601.000 8 8
2013_01_11_23_53_20_248132956  2601.000 8 6
2013_01_11_23_53_20_594446460  2601.000 8 4
2013_01_11_23_53_20_914713363  2601.000 10 16
2013_01_11_23_53_21_278478150  2601.000 10 14
2013_01_11_23_53_21_588536754  2601.000 10 12
2013_01_11_23_53_21_891597653  2601.000 10 10
2013_01_11_23_53_22_193701448  2601.000 10 8
2013_01_11_23_53_22_568473418  2601.000 10 6
2013_01_11_23_53_22_901006580  2601.000 10 4
2013_01_11_23_53_23_246263945  2601.000 12 16
2013_01_11_23_53_23_572074859  2601.000 12 14
2013_01_11_23_53_23_886826570  2601.000 12 12
2013_01_11_23_53_24_236606536  2601.000 12 10
2013_01_11_23_53_24_557792705  2601.000 12 8
2013_01_11_23_53_24_864070677  2601.000 12 6
2013_01_11_23_53_25_460265860  2601.000 12 4
2013_01_11_23_53_25_839478014  2601.000 14 16
2013_01_11_23_53_26_190989477  2601.000 14 14
2013_01_11_23_53_26_535769091  2601.000 14 12
2013_01_11_23_53_26_901790419  2601.000 14 10
2013_01_11_23_53_27_220354091  2601.000 14 8
2013_01_11_23_53_27_561819613  2601.000 14 6
2013_01_11_23_53_27_928608518  2601.000 14 4
2013_01_11_23_53_28_283871258  2601.000 16 16
2013_01_11_23_53_28_603382147  2601.000 16 14
2013_01_11_23_53_28_964827294  2601.000 16 12
2013_01_11_23_53_29_299594976  2601.000 16 10
2013_01_11_23_53_29_609377813  2601.000 16 8
2013_01_11_23_53_29_986923312  2601.000 16 6
2013_01_11_23_53_30_306245840  2601.000 16 4
2013_01_11_23_53_30_648374163  2601.000 18 16
2013_01_11_23_53_31_033992711  2601.000 18 14
2013_01_11_23_53_31_359509971  2601.000 18 12
2013_01_11_23_53_31_737867086  2601.000 18 10
2013_01_11_23_53_32_029520156  2601.000 18 8
2013_01_11_23_53_32_403622058  2601.000 18 6
2013_01_11_23_53_32_710583433  2601.000 18 4
2013_01_11_23_53_33_026758861  2601.000 20 16
2013_01_11_23_53_33_385662029  2601.000 20 14
2013_01_11_23_53_33_729265325  2601.000 20 12
2013_01_11_23_53_34_079061514  2601.000 20 10
2013_01_11_23_53_34_432283116  2601.000 20 8
2013_01_11_23_53_34_784021139  2601.000 20 6
2013_01_11_23_53_35_162263721  2601.000 20 4
2013_01_11_23_53_35_487386893  2601.000 22 16
2013_01_11_23_53_35_816283448  2601.000 22 14
2013_01_11_23_53_36_187256480  2601.000 22 12
2013_01_11_23_53_36_497467023  2601.000 22 10
2013_01_11_23_53_36_843450694  2601.000 22 8
2013_01_11_23_53_37_157048040  2601.000 22 6
2013_01_11_23_53_37_464560382  2601.000 22 4
2013_01_11_23_53_37_843762318  2601.000 24 16
2013_01_11_23_53_38_192540502  2601.000 24 14
2013_01_11_23_53_38_551549060  2601.000 24 12
2013_01_11_23_53_38_886512298  2601.000 24 10
2013_01_11_23_53_39_264091523  2601.000 24 8
2013_01_11_23_53_39_618156965  2601.000 24 6
2013_01_11_23_53_39_949612320  2601.000 24 4
2013_01_11_23_53_40_309793586  2601.000 26 16
2013_01_11_23_53_40_634906095  2601.000 26 14
2013_01_11_23_53_40_958596382  2601.000 26 12
2013_01_11_23_53_41_275497523  2601.000 26 10
2013_01_11_23_53_41_627624381  2601.000 26 8
2013_01_11_23_53_41_959609659  2601.000 26 6
2013_01_11_23_53_42_284442640  2601.000 26 4
2013_01_11_23_53_42_587700928  2601.000 28 16
2013_01_11_23_53_42_934887719  2601.000 28 14
2013_01_11_23_53_43_278764505  2601.000 28 12
2013_01_11_23_53_43_631883435  2601.000 28 10
2013_01_11_23_53_44_049902178  2601.000 28 8
2013_01_11_23_53_44_402419735  2601.000 28 6
2013_01_11_23_53_44_718014877  2601.000 28 4
2013_01_11_23_53_45_081311281  2601.000 30 16
2013_01_11_23_53_45_429403539  2601.000 30 14
2013_01_11_23_53_45_795412007  2601.000 30 12
2013_01_11_23_53_46_197652651  2601.000 30 10
2013_01_11_23_53_46_599304196  2601.000 30 8
2013_01_11_23_53_46_929512743  2601.000 30 6
2013_01_11_23_53_47_325479739  2601.000 30 4
2013_01_11_23_53_47_734475667  2601.000 32 16
2013_01_11_23_53_48_071589845  2601.000 32 14
2013_01_11_23_53_48_418598238  2601.000 32 12
2013_01_11_23_53_48_769061429  2601.000 32 10
2013_01_11_23_53_49_148631180  2601.000 32 8
2013_01_11_23_53_49_555056556  2601.000 32 6
2013_01_11_23_53_49_860960443  2601.000 32 4
2013_01_11_23_53_50_228924277  2601.000 8 16
2013_01_11_23_53_50_586665693  2601.000 8 14
2013_01_11_23_53_50_908856786  2601.000 8 12
2013_01_11_23_53_51_253400999  2601.000 8 10
2013_01_11_23_53_51_674478928  2601.000 8 8
2013_01_11_23_53_52_022823424  2601.000 8 6
2013_01_11_23_53_52_392410399  2601.000 8 4
2013_01_11_23_53_52_791176168  2601.000 10 16
2013_01_11_23_53_53_171808933  2601.000 10 14
2013_01_11_23_53_53_483541142  2601.000 10 12
2013_01_11_23_53_53_817889936  2601.000 10 10
2013_01_11_23_53_54_164577759  2601.000 10 8
2013_01_11_23_53_54_533070227  2601.000 10 6
2013_01_11_23_53_54_880835675  2601.000 10 4
2013_01_11_23_53_55_245527511  2601.000 12 16
2013_01_11_23_53_55_580757688  2601.000 12 14
2013_01_11_23_53_55_951433985  2601.000 12 12
2013_01_11_23_53_56_314395132  2601.000 12 10
2013_01_11_23_53_56_677631641  2601.000 12 8
2013_01_11_23_53_57_032941523  2601.000 12 6
2013_01_11_23_53_57_371249109  2601.000 12 4
2013_01_11_23_53_57_682514505  2601.000 14 16
2013_01_11_23_53_57_994887881  2601.000 14 14
2013_01_11_23_53_58_344459427  2601.000 14 12
2013_01_11_23_53_58_706314007  2601.000 14 10
2013_01_11_23_53_59_084098419  2601.000 14 8
2013_01_11_23_53_59_474386803  2601.000 14 6
2013_01_11_23_53_59_800892168  2601.000 14 4
2013_01_11_23_54_00_120921217  2601.000 16 16
2013_01_11_23_54_00_453314338  2601.000 16 14
2013_01_11_23_54_00_792878515  2601.000 16 12
2013_01_11_23_54_01_317097365  2601.000 16 10
2013_01_11_23_54_01_671364348  2601.000 16 8
2013_01_11_23_54_01_994589170  2601.000 16 6
2013_01_11_23_54_02_334877471  2601.000 16 4
2013_01_11_23_54_02_708790856  2601.000 18 16
2013_01_11_23_54_03_088866061  2601.000 18 14
2013_01_11_23_54_03_377183244  2601.000 18 12
2013_01_11_23_54_03_728397782  2601.000 18 10
2013_01_11_23_54_04_071307290  2601.000 18 8
2013_01_11_23_54_04_414338115  2601.000 18 6
2013_01_11_23_54_04_765622794  2601.000 18 4
2013_01_11_23_54_05_106671470  2601.000 20 16
2013_01_11_23_54_05_484760428  2601.000 20 14
2013_01_11_23_54_05_848484523  2601.000 20 12
2013_01_11_23_54_06_185497681  2601.000 20 10
2013_01_11_23_54_06_515685772  2601.000 20 8
2013_01_11_23_54_06_850489533  2601.000 20 6
2013_01_11_23_54_07_225074756  2601.000 20 4
2013_01_11_23_54_07_572143162  2601.000 22 16
2013_01_11_23_54_07_943989377  2601.000 22 14
2013_01_11_23_54_08_299112032  2601.000 22 12
2013_01_11_23_54_08_638545654  2601.000 22 10
2013_01_11_23_54_08_997895207  2601.000 22 8
2013_01_11_23_54_09_343925506  2601.000 22 6
2013_01_11_23_54_09_676614564  2601.000 22 4
2013_01_11_23_54_10_021894501  2601.000 24 16
2013_01_11_23_54_10_391426722  2601.000 24 14
2013_01_11_23_54_10_791898700  2601.000 24 12
2013_01_11_23_54_11_124526811  2601.000 24 10
2013_01_11_23_54_11_426633941  2601.000 24 8
2013_01_11_23_54_11_776875783  2601.000 24 6
2013_01_11_23_54_12_099675274  2601.000 24 4
2013_01_11_23_54_12_429500697  2601.000 26 16
2013_01_11_23_54_12_758432446  2601.000 26 14
2013_01_11_23_54_13_133497745  2601.000 26 12
2013_01_11_23_54_13_447425741  2601.000 26 10
2013_01_11_23_54_13_767148985  2601.000 26 8
2013_01_11_23_54_14_102610179  2601.000 26 6
2013_01_11_23_54_14_457417090  2601.000 26 4
2013_01_11_23_54_14_831944574  2601.000 28 16
2013_01_11_23_54_15_196860953  2601.000 28 14
2013_01_11_23_54_15_552372475  2601.000 28 12
2013_01_11_23_54_15_880596208  2601.000 28 10
2013_01_11_23_54_16_245926080  2601.000 28 8
2013_01_11_23_54_16_616866883  2601.000 28 6
2013_01_11_23_54_16_941291928  2601.000 28 4
2013_01_11_23_54_17_302237265  2601.000 30 16
2013_01_11_23_54_17_681538153  2601.000 30 14
2013_01_11_23_54_18_029680445  2601.000 30 12
2013_01_11_23_54_18_375786765  2601.000 30 10
2013_01_11_23_54_18_728748148  2601.000 30 8
2013_01_11_23_54_19_059969929  2601.000 30 6
2013_01_11_23_54_19_376774726  2601.000 30 4
2013_01_11_23_54_19_730292262  2601.000 32 16
2013_01_11_23_54_20_115584583  2601.000 32 14
2013_01_11_23_54_20_446475940  2601.000 32 12
2013_01_11_23_54_20_801646868  2601.000 32 10
2013_01_11_23_54_21_175829539  2601.000 32 8
2013_01_11_23_54_21_504664851  2601.000 32 6
2013_01_11_23_54_21_897605155  2601.000 32 4
