2013_01_13_09_01_11_578971694  2601.000 1 16
2013_01_13_09_01_12_701578922  2601.000 1 14
2013_01_13_09_01_13_197713226  2601.000 1 12
2013_01_13_09_01_13_684326502  2601.000 1 10
2013_01_13_09_01_14_171353043  2601.000 1 8
2013_01_13_09_01_14_653425193  2601.000 1 6
2013_01_13_09_01_15_141235391  2601.000 1 4
2013_01_13_09_01_15_612847978  2601.000 1 16
2013_01_13_09_01_16_109498354  2601.000 1 14
2013_01_13_09_01_16_616472635  2601.000 1 12
2013_01_13_09_01_17_073393531  2601.000 1 10
2013_01_13_09_01_17_542466185  2601.000 1 8
2013_01_13_09_01_18_039393015  2601.000 1 6
2013_01_13_09_01_18_193598704  2601.000 1 16
2013_01_13_09_01_18_278650246  2601.000 1 16
2013_01_13_09_01_18_591112065  2601.000 1 4
2013_01_13_09_01_18_903750849  2601.000 1 14
2013_01_13_09_01_19_015667743  2601.000 1 14
2013_01_13_09_01_19_105060104  2601.000 1 16
2013_01_13_09_01_19_410777028  2601.000 1 12
2013_01_13_09_01_19_486380793  2601.000 1 12
2013_01_13_09_01_19_605804727  2601.000 1 14
2013_01_13_09_01_19_908364969  2601.000 1 10
2013_01_13_09_01_19_988249956  2601.000 1 10
2013_01_13_09_01_20_057671062  2601.000 1 12
2013_01_13_09_01_20_402928742  2601.000 1 8
2013_01_13_09_01_20_471299550  2601.000 1 8
2013_01_13_09_01_20_540873763  2601.000 1 10
2013_01_13_09_01_20_898110624  2601.000 1 6
2013_01_13_09_01_20_925450093  2601.000 1 6
2013_01_13_09_01_21_005743313  2601.000 1 8
2013_01_13_09_01_21_409345486  2601.000 1 4
2013_01_13_09_01_21_416353245  2601.000 1 4
2013_01_13_09_01_21_476613003  2601.000 1 6
2013_01_13_09_01_21_856209782  2601.000 1 16
2013_01_13_09_01_21_920257562  2601.000 1 16
2013_01_13_09_01_21_943072833  2601.000 1 4
2013_01_13_09_01_22_342820639  2601.000 1 14
2013_01_13_09_01_22_389788640  2601.000 1 14
2013_01_13_09_01_22_400590145  2601.000 1 16
2013_01_13_09_01_22_836240659  2601.000 1 12
2013_01_13_09_01_22_886905109  2601.000 1 14
2013_01_13_09_01_22_889689589  2601.000 1 12
2013_01_13_09_01_23_318835720  2601.000 1 10
2013_01_13_09_01_23_342962367  2601.000 1 12
2013_01_13_09_01_23_383697071  2601.000 1 10
2013_01_13_09_01_23_809977339  2601.000 1 8
2013_01_13_09_01_23_829917450  2601.000 1 10
2013_01_13_09_01_23_881663980  2601.000 1 8
2013_01_13_09_01_24_295766418  2601.000 1 6
2013_01_13_09_01_24_318101876  2601.000 1 8
2013_01_13_09_01_24_393666789  2601.000 1 6
2013_01_13_09_01_24_737602478  2601.000 1 6
2013_01_13_09_01_24_779875874  2601.000 1 4
2013_01_13_09_01_24_910308981  2601.000 1 4
2013_01_13_09_01_25_216344221  2601.000 1 4
2013_01_13_09_01_25_270817502  2601.000 1 16
2013_01_13_09_01_25_423756254  2601.000 1 16
2013_01_13_09_01_25_634399041  2601.000 1 16
2013_01_13_09_01_25_720650092  2601.000 1 14
2013_01_13_09_01_25_962365694  2601.000 1 14
2013_01_13_09_01_26_125150108  2601.000 1 14
2013_01_13_09_01_26_212235388  2601.000 1 12
2013_01_13_09_01_26_462371905  2601.000 1 12
2013_01_13_09_01_26_576692796  2601.000 1 12
2013_01_13_09_01_26_666083720  2601.000 1 10
2013_01_13_09_01_26_982346787  2601.000 1 10
2013_01_13_09_01_27_018314800  2601.000 1 10
2013_01_13_09_01_27_124817676  2601.000 1 8
2013_01_13_09_01_27_436809733  2601.000 1 8
2013_01_13_09_01_27_476345999  2601.000 1 8
2013_01_13_09_01_27_604796645  2601.000 1 6
2013_01_13_09_01_27_887104514  2601.000 1 6
2013_01_13_09_01_27_969590846  2601.000 1 6
2013_01_13_09_01_28_087946107  2601.000 1 4
2013_01_13_09_01_28_300485818  2601.000 1 4
2013_01_13_09_01_28_494299455  2601.000 1 4
2013_01_13_09_01_28_573097486  2601.000 1 16
2013_01_13_09_01_28_745356060  2601.000 1 16
2013_01_13_09_01_29_026581003  2601.000 1 14
2013_01_13_09_01_29_029672211  2601.000 1 16
2013_01_13_09_01_29_238370434  2601.000 1 14
2013_01_13_09_01_29_504269573  2601.000 1 12
2013_01_13_09_01_29_531715289  2601.000 1 14
2013_01_13_09_01_29_696729450  2601.000 1 12
2013_01_13_09_01_29_993582774  2601.000 1 10
2013_01_13_09_01_30_064282781  2601.000 1 12
2013_01_13_09_01_30_184614537  2601.000 1 10
2013_01_13_09_01_30_496293938  2601.000 1 8
2013_01_13_09_01_30_561266601  2601.000 1 10
2013_01_13_09_01_30_623181252  2601.000 1 8
2013_01_13_09_01_30_976334667  2601.000 1 6
2013_01_13_09_01_31_057331725  2601.000 1 8
2013_01_13_09_01_31_106016943  2601.000 1 6
2013_01_13_09_01_31_475528622  2601.000 1 4
2013_01_13_09_01_31_533753448  2601.000 1 4
2013_01_13_09_01_31_545878178  2601.000 1 6
2013_01_13_09_01_31_934852227  2601.000 1 16
2013_01_13_09_01_31_952449191  2601.000 1 16
2013_01_13_09_01_32_041911491  2601.000 1 4
2013_01_13_09_01_32_373840367  2601.000 1 14
2013_01_13_09_01_32_425703590  2601.000 1 14
2013_01_13_09_01_32_529827187  2601.000 1 16
2013_01_13_09_01_32_861286890  2601.000 1 12
2013_01_13_09_01_32_913206357  2601.000 1 12
2013_01_13_09_01_33_055961828  2601.000 1 14
2013_01_13_09_01_33_315728927  2601.000 1 10
2013_01_13_09_01_33_396685291  2601.000 1 10
2013_01_13_09_01_33_557200551  2601.000 1 12
2013_01_13_09_01_33_806827485  2601.000 1 8
2013_01_13_09_01_33_879738284  2601.000 1 8
2013_01_13_09_01_34_071463750  2601.000 1 10
2013_01_13_09_01_34_260939460  2601.000 1 6
2013_01_13_09_01_34_374939683  2601.000 1 6
2013_01_13_09_01_34_597167739  2601.000 1 8
2013_01_13_09_01_34_759488200  2601.000 1 4
2013_01_13_09_01_34_897920587  2601.000 1 4
2013_01_13_09_01_35_105286015  2601.000 1 6
2013_01_13_09_01_35_219144136  2601.000 1 16
2013_01_13_09_01_35_378735711  2601.000 1 16
2013_01_13_09_01_35_601220450  2601.000 1 4
2013_01_13_09_01_35_700647576  2601.000 1 14
2013_01_13_09_01_35_861646492  2601.000 1 14
2013_01_13_09_01_36_096485825  2601.000 1 16
2013_01_13_09_01_36_200158499  2601.000 1 12
2013_01_13_09_01_36_350459602  2601.000 1 12
2013_01_13_09_01_36_612679899  2601.000 1 14
2013_01_13_09_01_36_690056872  2601.000 1 10
2013_01_13_09_01_36_839635408  2601.000 1 10
2013_01_13_09_01_37_108680309  2601.000 1 12
2013_01_13_09_01_37_215434562  2601.000 1 8
2013_01_13_09_01_37_335519756  2601.000 1 8
2013_01_13_09_01_37_608577381  2601.000 1 10
2013_01_13_09_01_37_706124834  2601.000 1 6
2013_01_13_09_01_37_798048015  2601.000 1 6
2013_01_13_09_01_38_116311063  2601.000 1 8
2013_01_13_09_01_38_208164289  2601.000 1 4
2013_01_13_09_01_38_284938728  2601.000 1 4
2013_01_13_09_01_38_615238089  2601.000 1 6
2013_01_13_09_01_38_696342108  2601.000 1 16
2013_01_13_09_01_38_770826339  2601.000 1 16
2013_01_13_09_01_39_138706184  2601.000 1 4
2013_01_13_09_01_39_180522092  2601.000 1 14
2013_01_13_09_01_39_231269313  2601.000 1 14
2013_01_13_09_01_39_628469620  2601.000 1 16
2013_01_13_09_01_39_634151694  2601.000 1 12
2013_01_13_09_01_39_721658718  2601.000 1 12
2013_01_13_09_01_40_092612749  2601.000 1 10
2013_01_13_09_01_40_132812979  2601.000 1 14
2013_01_13_09_01_40_203180471  2601.000 1 10
2013_01_13_09_01_40_659185001  2601.000 1 12
2013_01_13_09_01_40_684691355  2601.000 1 8
2013_01_13_09_01_40_692924348  2601.000 1 8
2013_01_13_09_01_41_123269855  2601.000 1 6
2013_01_13_09_01_41_179833578  2601.000 1 6
2013_01_13_09_01_41_181452014  2601.000 1 10
2013_01_13_09_01_41_625609187  2601.000 1 4
2013_01_13_09_01_41_646605367  2601.000 1 4
2013_01_13_09_01_41_693658095  2601.000 1 8
2013_01_13_09_01_42_049518549  2601.000 1 16
2013_01_13_09_01_42_110649122  2601.000 1 16
2013_01_13_09_01_42_192933268  2601.000 1 6
2013_01_13_09_01_42_543440575  2601.000 1 14
2013_01_13_09_01_42_608745073  2601.000 1 14
2013_01_13_09_01_42_710940052  2601.000 1 4
2013_01_13_09_01_42_978770563  2601.000 1 12
2013_01_13_09_01_43_058351558  2601.000 1 12
2013_01_13_09_01_43_209962524  2601.000 1 16
2013_01_13_09_01_43_487880054  2601.000 1 10
2013_01_13_09_01_43_545745643  2601.000 1 10
2013_01_13_09_01_43_700346899  2601.000 1 14
2013_01_13_09_01_43_934464315  2601.000 1 8
2013_01_13_09_01_44_043293454  2601.000 1 8
2013_01_13_09_01_44_204601710  2601.000 1 12
2013_01_13_09_01_44_425408305  2601.000 1 6
2013_01_13_09_01_44_532887663  2601.000 1 6
2013_01_13_09_01_44_712427127  2601.000 1 10
2013_01_13_09_01_44_901127368  2601.000 1 4
2013_01_13_09_01_45_009035169  2601.000 1 4
2013_01_13_09_01_45_215663766  2601.000 1 8
2013_01_13_09_01_45_320655468  2601.000 1 16
2013_01_13_09_01_45_500692728  2601.000 1 16
2013_01_13_09_01_45_714700684  2601.000 1 6
2013_01_13_09_01_45_821703977  2601.000 1 14
2013_01_13_09_01_45_979196290  2601.000 1 14
2013_01_13_09_01_46_217261866  2601.000 1 4
2013_01_13_09_01_46_310134111  2601.000 1 12
2013_01_13_09_01_46_466275153  2601.000 1 12
2013_01_13_09_01_46_723770621  2601.000 1 16
2013_01_13_09_01_46_794834040  2601.000 1 10
2013_01_13_09_01_46_910876777  2601.000 1 10
2013_01_13_09_01_47_228768510  2601.000 1 14
2013_01_13_09_01_47_259131315  2601.000 1 8
2013_01_13_09_01_47_392099634  2601.000 1 8
2013_01_13_09_01_47_675753573  2601.000 1 6
2013_01_13_09_01_47_750648637  2601.000 1 12
2013_01_13_09_01_48_162331383  2601.000 1 4
2013_01_13_09_01_48_252153870  2601.000 1 10
2013_01_13_09_01_48_506352072  2601.000 1 6
2013_01_13_09_01_48_630912115  2601.000 1 16
2013_01_13_09_01_48_771869281  2601.000 1 8
2013_01_13_09_01_48_990895202  2601.000 1 4
2013_01_13_09_01_49_082336353  2601.000 1 14
2013_01_13_09_01_49_267825220  2601.000 1 6
2013_01_13_09_01_49_487781498  2601.000 1 16
2013_01_13_09_01_49_502189436  2601.000 1 12
2013_01_13_09_01_49_757652441  2601.000 1 4
2013_01_13_09_01_49_969271992  2601.000 1 10
2013_01_13_09_01_49_971670505  2601.000 1 14
2013_01_13_09_01_50_263717436  2601.000 1 16
2013_01_13_09_01_50_449275778  2601.000 1 8
2013_01_13_09_01_50_467333996  2601.000 1 12
2013_01_13_09_01_50_780853568  2601.000 1 14
2013_01_13_09_01_50_874766847  2601.000 1 6
2013_01_13_09_01_50_943350740  2601.000 1 10
2013_01_13_09_01_51_286253073  2601.000 1 12
2013_01_13_09_01_51_349721021  2601.000 1 4
2013_01_13_09_01_51_430530374  2601.000 1 8
2013_01_13_09_01_51_782330920  2601.000 1 10
2013_01_13_09_01_51_935217479  2601.000 1 6
2013_01_13_09_01_52_275725016  2601.000 1 8
2013_01_13_09_01_52_415010069  2601.000 1 4
2013_01_13_09_01_52_762690884  2601.000 1 6
2013_01_13_09_01_53_054997294  2601.000 1 16
2013_01_13_09_01_53_247786411  2601.000 1 4
2013_01_13_09_01_53_534536390  2601.000 1 14
2013_01_13_09_01_53_776869791  2601.000 1 16
2013_01_13_09_01_53_986777432  2601.000 1 12
2013_01_13_09_01_54_266351699  2601.000 1 14
2013_01_13_09_01_54_468601078  2601.000 1 10
2013_01_13_09_01_54_759243253  2601.000 1 12
2013_01_13_09_01_54_935362917  2601.000 1 8
2013_01_13_09_01_55_265713213  2601.000 1 10
2013_01_13_09_01_55_387662028  2601.000 1 6
2013_01_13_09_01_55_763907404  2601.000 1 8
2013_01_13_09_01_55_845923152  2601.000 1 4
2013_01_13_09_01_56_265703275  2601.000 1 6
2013_01_13_09_01_56_329648653  2601.000 1 16
2013_01_13_09_01_56_768490389  2601.000 1 4
2013_01_13_09_01_56_828219248  2601.000 1 14
2013_01_13_09_01_57_292540134  2601.000 1 16
2013_01_13_09_01_57_308649307  2601.000 1 12
2013_01_13_09_01_57_790304448  2601.000 1 14
2013_01_13_09_01_57_807480187  2601.000 1 10
2013_01_13_09_01_58_295286191  2601.000 1 8
2013_01_13_09_01_58_304461706  2601.000 1 12
2013_01_13_09_01_58_749703476  2601.000 1 6
2013_01_13_09_01_58_794245023  2601.000 1 10
2013_01_13_09_01_59_249655445  2601.000 1 4
2013_01_13_09_01_59_291455416  2601.000 1 8
2013_01_13_09_01_59_784982075  2601.000 1 6
2013_01_13_09_02_00_282931984  2601.000 1 4
