2013_01_13_09_01_19_160699536  2601.000  1  1 16
2013_01_13_09_01_19_314670371  2601.000  1  1 16
2013_01_13_09_01_20_001881297  2601.000  0 1 16
2013_01_13_09_03_04_497848117  2601.000  0 1 14
2013_01_13_09_03_04_741070106  2601.000  0 1 14
2013_01_13_09_03_06_540692123  2601.000  0 1 14
2013_01_13_09_04_54_809811933  2601.000  0 1 12
2013_01_13_09_04_56_456866589  2601.000  0 1 12
2013_01_13_09_04_58_707270830  2601.000  0 1 12
2013_01_13_09_06_54_030490831  2601.000  0 1 10
2013_01_13_09_06_55_020283126  2601.000  0 1 10
2013_01_13_09_06_56_915145342  2601.000  0 1 10
2013_01_13_09_09_07_969746063  2601.000  0 1 8
2013_01_13_09_09_09_451884978  2601.000  0 1 8
2013_01_13_09_09_10_983620439  2601.000  0 1 8
2013_01_13_09_11_44_982639370  2601.000  0 1 6
2013_01_13_09_11_45_685822515  2601.000  1 6
2013_01_13_09_11_47_407996364  2601.000  1 6
2013_01_13_09_15_08_476215654  2601.000  1 4
2013_01_13_09_15_09_088101019  2601.000  1 4
2013_01_13_09_15_11_691127680  2601.000  1 4
2013_01_13_09_20_02_262579220  2601.000  1 16
2013_01_13_09_20_02_697089616  2601.000  1 16
2013_01_13_09_20_05_244141182  2601.000  1 16
2013_01_13_09_22_22_864458444  2601.000  1 14
2013_01_13_09_22_25_499245603  2601.000  1 14
2013_01_13_09_22_31_894769517  2601.000  1 14
2013_01_13_09_24_45_899390203  2601.000  1 12
2013_01_13_09_24_52_520004302  2601.000  1 12
2013_01_13_09_24_59_550677377  2601.000  1 12
2013_01_13_09_27_10_289649010  2601.000  1 10
2013_01_13_09_27_22_364202917  2601.000  1 10
2013_01_13_09_27_29_437325012  2601.000  1 10
2013_01_13_09_29_48_678736207  2601.000  1 8
2013_01_13_09_30_03_975577635  2601.000  1 8
2013_01_13_09_30_11_611615219  2601.000  1 8
2013_01_13_09_32_59_118388821  2601.000  1 6
2013_01_13_09_33_16_251195336  2601.000  1 6
2013_01_13_09_33_23_862125719  2601.000  1 6
2013_01_13_09_37_07_955504493  2601.000  1 4
2013_01_13_09_37_26_574072532  2601.000  1 4
2013_01_13_09_37_32_359542003  2601.000  1 4
2013_01_13_09_43_18_754676821  2601.000  1 16
2013_01_13_09_43_37_491606470  2601.000  1 16
2013_01_13_09_43_45_510652019  2601.000  1 16
2013_01_13_09_45_33_506715663  2601.000  1 14
2013_01_13_09_45_54_899755095  2601.000  1 14
2013_01_13_09_46_04_090607347  2601.000  1 14
2013_01_13_09_47_45_775058871  2601.000  1 12
2013_01_13_09_48_14_310176627  2601.000  1 12
2013_01_13_09_48_24_121708026  2601.000  1 12
2013_01_13_09_50_03_955326055  2601.000  1 10
2013_01_13_09_50_35_312588574  2601.000  1 10
2013_01_13_09_50_44_156059079  2601.000  1 10
2013_01_13_09_52_41_989318680  2601.000  1 8
2013_01_13_09_53_15_730751427  2601.000  1 8
2013_01_13_09_53_20_464639210  2601.000  1 8
2013_01_13_09_55_53_020645682  2601.000  1 6
2013_01_13_09_56_27_988754746  2601.000  1 6
2013_01_13_09_56_31_138069125  2601.000  1 6
2013_01_13_10_00_04_112738730  2601.000  1 4
2013_01_13_10_00_38_090535792  2601.000  1 4
2013_01_13_10_00_39_997987810  2601.000  1 4
2013_01_13_10_06_15_054495674  2601.000  1 16
2013_01_13_10_06_48_617929572  2601.000  1 16
2013_01_13_10_06_50_749529689  2601.000  1 16
2013_01_13_10_08_19_629159638  2601.000  1 14
2013_01_13_10_08_59_013116120  2601.000  1 14
2013_01_13_10_09_02_956632133  2601.000  1 14
2013_01_13_10_10_27_644639508  2601.000  1 12
2013_01_13_10_11_09_216754464  2601.000  1 12
2013_01_13_10_11_13_608308829  2601.000  1 12
2013_01_13_10_12_47_690712742  2601.000  1 10
2013_01_13_10_13_28_027614979  2601.000  1 10
2013_01_13_10_13_31_073181050  2601.000  1 10
2013_01_13_10_15_25_951425328  2601.000  1 8
2013_01_13_10_16_06_852866839  2601.000  1 8
2013_01_13_10_16_10_305185037  2601.000  1 8
2013_01_13_10_18_37_222562126  2601.000  1 6
2013_01_13_10_19_18_561097652  2601.000  1 6
2013_01_13_10_19_24_161365357  2601.000  1 6
2013_01_13_10_22_46_510949449  2601.000  1 4
2013_01_13_10_23_27_267614454  2601.000  1 4
2013_01_13_10_23_34_061647635  2601.000  1 4
2013_01_13_10_28_56_240211195  2601.000  1 16
2013_01_13_10_29_37_229011913  2601.000  1 16
2013_01_13_10_29_45_412075840  2601.000  1 16
2013_01_13_10_30_58_851135186  2601.000  1 14
2013_01_13_10_31_40_774653840  2601.000  1 14
2013_01_13_10_31_49_594807543  2601.000  1 14
2013_01_13_10_33_04_059753285  2601.000  1 12
2013_01_13_10_33_45_902948233  2601.000  1 12
2013_01_13_10_33_52_749368512  2601.000  1 12
2013_01_13_10_35_21_308650206  2601.000  1 10
2013_01_13_10_36_03_727487773  2601.000  1 10
2013_01_13_10_36_11_621367380  2601.000  1 10
2013_01_13_10_38_00_335556109  2601.000  1 8
2013_01_13_10_38_42_352983119  2601.000  1 8
2013_01_13_10_38_49_881728434  2601.000  1 8
2013_01_13_10_41_11_748421998  2601.000  1 6
2013_01_13_10_41_53_386634922  2601.000  1 6
2013_01_13_10_42_01_373193514  2601.000  1 6
2013_01_13_10_45_21_447997526  2601.000  1 4
2013_01_13_10_46_04_475531955  2601.000  1 4
2013_01_13_10_46_10_316755379  2601.000  1 4
2013_01_13_10_51_32_210681714  2601.000  1 16
2013_01_13_10_52_15_657469876  2601.000  1 16
2013_01_13_10_52_20_100650506  2601.000  1 16
2013_01_13_10_53_32_022472913  2601.000  1 14
2013_01_13_10_54_15_078864500  2601.000  1 14
2013_01_13_10_54_18_148694458  2601.000  1 14
2013_01_13_10_55_38_079697785  2601.000  1 12
2013_01_13_10_56_23_502100042  2601.000  1 12
2013_01_13_10_56_25_599390309  2601.000  1 12
2013_01_13_10_57_56_569425860  2601.000  1 10
2013_01_13_10_58_45_170869997  2601.000  1 10
2013_01_13_10_58_45_265636563  2601.000  1 10
2013_01_13_11_00_35_697543790  2601.000  1 8
2013_01_13_11_01_22_403331755  2601.000  1 8
2013_01_13_11_01_23_721715505  2601.000  1 8
2013_01_13_11_03_48_140747125  2601.000  1 6
2013_01_13_11_04_33_474890300  2601.000  1 6
2013_01_13_11_04_35_428537678  2601.000  1 6
2013_01_13_11_07_57_240626302  2601.000  1 4
2013_01_13_11_08_42_750939238  2601.000  1 4
2013_01_13_11_08_44_942776743  2601.000  1 4
2013_01_13_11_14_08_625991399  2601.000  1 16
2013_01_13_11_14_53_715127108  2601.000  1 16
2013_01_13_11_14_56_352941762  2601.000  1 16
2013_01_13_11_16_09_683482113  2601.000  1 14
2013_01_13_11_16_54_278182636  2601.000  1 14
2013_01_13_11_16_56_154797643  2601.000  1 14
2013_01_13_11_18_14_120507320  2601.000  1 12
2013_01_13_11_19_00_721642870  2601.000  1 12
2013_01_13_11_19_03_017308090  2601.000  1 12
2013_01_13_11_20_31_324655220  2601.000  1 10
2013_01_13_11_21_17_552548196  2601.000  1 10
2013_01_13_11_21_21_871118974  2601.000  1 10
2013_01_13_11_23_11_182551526  2601.000  1 8
2013_01_13_11_23_54_209943953  2601.000  1 8
2013_01_13_11_23_58_725516769  2601.000  1 8
2013_01_13_11_26_23_509695507  2601.000  1 6
2013_01_13_11_27_06_317022919  2601.000  1 6
2013_01_13_11_27_10_204868430  2601.000  1 6
2013_01_13_11_30_32_413605821  2601.000  1 4
2013_01_13_11_31_15_590921699  2601.000  1 4
2013_01_13_11_31_18_920593796  2601.000  1 4
2013_01_13_11_36_43_062953093  2601.000  1 16
2013_01_13_11_37_26_159212225  2601.000  1 16
2013_01_13_11_37_29_900473833  2601.000  1 16
2013_01_13_11_38_43_253085593  2601.000  1 14
2013_01_13_11_39_26_739632785  2601.000  1 14
2013_01_13_11_39_28_926802862  2601.000  1 14
2013_01_13_11_40_51_873025474  2601.000  1 12
2013_01_13_11_41_31_802639366  2601.000  1 12
2013_01_13_11_41_35_569711085  2601.000  1 12
2013_01_13_11_43_11_535007430  2601.000  1 10
2013_01_13_11_43_50_650935141  2601.000  1 10
2013_01_13_11_43_52_248452020  2601.000  1 10
2013_01_13_11_45_53_178607231  2601.000  1 8
2013_01_13_11_46_27_317272224  2601.000  1 8
2013_01_13_11_46_28_921826995  2601.000  1 8
2013_01_13_11_49_04_640270315  2601.000  1 6
2013_01_13_11_49_38_240946220  2601.000  1 6
2013_01_13_11_49_39_598416020  2601.000  1 6
2013_01_13_11_53_13_352872291  2601.000  1 4
2013_01_13_11_53_46_400219089  2601.000  1 4
2013_01_13_11_53_48_331500307  2601.000  1 4
2013_01_13_11_59_23_504584263  2601.000  1 16
2013_01_13_11_59_57_197691862  2601.000  1 16
2013_01_13_11_59_59_133384310  2601.000  1 16
2013_01_13_12_01_22_595298489  2601.000  1 14
2013_01_13_12_01_56_070910074  2601.000  1 14
2013_01_13_12_01_57_999092466  2601.000  1 14
2013_01_13_12_03_28_669977333  2601.000  1 12
2013_01_13_12_04_02_708504836  2601.000  1 12
2013_01_13_12_04_05_437568141  2601.000  1 12
2013_01_13_12_05_46_889091819  2601.000  1 10
2013_01_13_12_06_22_478899785  2601.000  1 10
2013_01_13_12_06_24_107787227  2601.000  1 10
2013_01_13_12_08_23_344225625  2601.000  1 8
2013_01_13_12_08_59_141972472  2601.000  1 8
2013_01_13_12_09_00_212674599  2601.000  1 8
2013_01_13_12_11_34_221663594  2601.000  1 6
2013_01_13_12_12_10_843492278  2601.000  1 6
2013_01_13_12_12_12_917902182  2601.000  1 6
2013_01_13_12_15_43_660728163  2601.000  1 4
2013_01_13_12_16_19_587451681  2601.000  1 4
2013_01_13_12_16_23_792581953  2601.000  1 4
2013_01_13_12_21_54_810420409  2601.000  1 16
2013_01_13_12_22_30_527863120  2601.000  1 16
2013_01_13_12_22_36_574203339  2601.000  1 16
2013_01_13_12_23_54_841970542  2601.000  1 14
2013_01_13_12_24_30_163949668  2601.000  1 14
2013_01_13_12_24_35_034160470  2601.000  1 14
2013_01_13_12_26_02_648852990  2601.000  1 12
2013_01_13_12_26_37_263635743  2601.000  1 12
2013_01_13_12_26_40_111825162  2601.000  1 12
2013_01_13_12_28_18_982060478  2601.000  1 10
2013_01_13_12_28_56_229819005  2601.000  1 10
2013_01_13_12_28_56_510575674  2601.000  1 10
2013_01_13_12_30_58_642588143  2601.000  1 8
2013_01_13_12_31_32_185553716  2601.000  1 8
2013_01_13_12_31_34_302625206  2601.000  1 8
2013_01_13_12_34_10_541703216  2601.000  1 6
2013_01_13_12_34_44_906637829  2601.000  1 6
2013_01_13_12_34_46_175264466  2601.000  1 6
2013_01_13_12_38_19_436669868  2601.000  1 4
2013_01_13_12_38_54_016867267  2601.000  1 4
2013_01_13_12_38_54_095780279  2601.000  1 4
2013_01_13_12_44_29_931411640  2601.000  1 16
2013_01_13_12_45_04_623617084  2601.000  1 16
2013_01_13_12_45_05_474813108  2601.000  1 16
2013_01_13_12_46_27_127927725  2601.000  1 14
2013_01_13_12_47_03_889062684  2601.000  1 14
2013_01_13_12_47_04_252925239  2601.000  1 14
2013_01_13_12_48_36_118057335  2601.000  1 12
2013_01_13_12_49_11_721631203  2601.000  1 12
2013_01_13_12_49_12_492390608  2601.000  1 12
2013_01_13_12_50_55_500598662  2601.000  1 10
2013_01_13_12_51_27_553671812  2601.000  1 10
2013_01_13_12_51_33_159723904  2601.000  1 10
2013_01_13_12_53_35_358375990  2601.000  1 8
2013_01_13_12_54_07_782543164  2601.000  1 8
2013_01_13_12_54_12_877830213  2601.000  1 8
2013_01_13_12_56_46_356589568  2601.000  1 6
2013_01_13_12_57_19_668726823  2601.000  1 6
2013_01_13_12_57_22_977666392  2601.000  1 6
2013_01_13_13_00_54_687614019  2601.000  1 4
2013_01_13_13_01_28_596130392  2601.000  1 4
2013_01_13_13_01_32_270309715  2601.000  1 4
2013_01_13_13_07_04_552583332  2601.000  1 16
2013_01_13_13_07_39_769969595  2601.000  1 16
2013_01_13_13_07_43_693310610  2601.000  1 16
2013_01_13_13_09_06_224029102  2601.000  1 14
2013_01_13_13_09_40_199596273  2601.000  1 14
2013_01_13_13_09_41_350038282  2601.000  1 14
2013_01_13_13_11_13_827984034  2601.000  1 12
2013_01_13_13_11_48_238857420  2601.000  1 12
2013_01_13_13_11_49_099625744  2601.000  1 12
2013_01_13_13_13_31_067616490  2601.000  1 10
2013_01_13_13_14_06_592800762  2601.000  1 10
2013_01_13_13_14_08_272913679  2601.000  1 10
2013_01_13_13_16_11_950694696  2601.000  1 8
2013_01_13_13_16_46_316788374  2601.000  1 8
2013_01_13_13_16_48_282870944  2601.000  1 8
2013_01_13_13_19_21_656757624  2601.000  1 6
2013_01_13_13_19_58_839076266  2601.000  1 6
2013_01_13_13_20_00_201650261  2601.000  1 6
2013_01_13_13_23_31_226318403  2601.000  1 4
2013_01_13_13_24_09_107999896  2601.000  1 4
2013_01_13_13_24_09_143814165  2601.000  1 4
