2012_12_28_17_43_23_851462058  2601.000  1  8 16 115.000000 115.000000 0.000000 0.000000 113.476491125 86.151773125 72.704872375 5.702498 86.411073875 73.0119605 5.728730125 689.214185 581.638979 45.619984 691.288591 584.095684 45.829841
2012_12_28_17_45_24_843940130  2601.000  1  8 14 115.000000 115.000000 0.000000 0.000000 122.018565375 79.151877375 65.688865 5.510054 79.8212165 66.43809875 5.601842 633.215019 525.51092 44.080432 638.569732 531.50479 44.814736
2012_12_28_17_47_33_298977582  2601.000  0 8 12 115.000000 115.000000 0.000000 0.000000 131.986196 75.492441875 62.064053625 5.38177625 73.608703625 60.220097 5.738663625 603.939535 496.512429 43.05421 588.869629 481.760776 45.909309
2012_12_28_17_49_50_833054372  2601.000  0 8 10 115.000000 115.000000 0.000000 0.000000 150.209198125 68.676350375 55.255848875 5.67874275 65.3249145 51.970367375 5.53395525 549.410803 442.046791 45.429942 522.599316 415.762939 44.271642
2012_12_28_17_52_26_806785681  2601.000  0 8 8 115.000000 115.000000 0.000000 0.000000 174.475422 61.850991 48.454288375 5.634874 61.743202375 48.40699425 5.386622875 494.807928 387.634307 45.078992 493.945619 387.255954 43.092983
2012_12_28_17_55_26_933018042  2601.000  0 8 6 115.000000 115.000000 0.000000 0.000000 217.1957255 53.6086375 40.246974375 5.35973475 53.476609125 40.1809375 5.301287375 428.8691 321.975795 42.877878 427.812873 321.4475 42.410299
2012_12_28_17_59_09_672541868  2601.000  0 8 4 115.000000 115.000000 0.000000 0.000000 300.305037625 47.24453 33.929980875 5.274653125 46.601714125 33.3322475 4.700048125 377.95624 271.439847 42.197225 372.813713 266.65798 37.600385
2012_12_28_18_04_16_537938895  2601.000  16 16 115.000000 115.000000 0.000000 0.000000 58.4014809375 84.874755375 71.466969 5.3919896875 84.5206476875 71.152551 5.46111325 1357.996086 1143.471504 86.271835 1352.330363 1138.440816 87.377812
2012_12_28_18_05_21_501115432  2601.000  16 14 115.000000 115.000000 0.000000 0.000000 63.5473945625 76.5820445625 63.156398625 5.2889035625 76.9132504375 63.5592795 5.1615254375 1225.312713 1010.502378 84.622457 1230.612007 1016.948472 82.584407
2012_12_28_18_06_31_204606678  2601.000  16 12 115.000000 115.000000 0.000000 0.000000 65.2105763125 73.9010215625 60.490978125 5.285179375 74.589461375 61.242778125 5.244567375 1182.416345 967.85565 84.56287 1193.431382 979.88445 83.913078
2012_12_28_18_07_42_277030769  2601.000  16 10 115.000000 115.000000 0.000000 0.000000 75.622140125 67.6773735 54.2863136875 5.26411925 66.138803125 52.8030534375 5.178216125 1082.837976 868.581019 84.225908 1058.22085 844.848855 82.851458
2012_12_28_18_09_04_274872810  2601.000  16 8 115.000000 115.000000 0.000000 0.000000 87.2459059375 61.8709769375 48.502579375 5.170261375 61.7364329375 48.40809 5.138157625 989.935631 776.04127 82.724182 987.782927 774.52944 82.210522
2012_12_28_18_10_38_543756282  2601.000  16 6 115.000000 115.000000 0.000000 0.000000 108.2507075 53.8754183125 40.5388769375 5.2013965 53.1695708125 39.884435125 4.9603079375 862.006693 648.622031 83.222344 850.713133 638.150962 79.364927
2012_12_28_18_12_33_097606384  2601.000  16 4 115.000000 115.000000 0.000000 0.000000 150.0763228125 47.0300565 33.731733875 5.05926975 46.495912125 33.2438671875 4.422794375 752.480904 539.707742 80.948316 743.934594 531.901875 70.76471
2012_12_28_18_15_09_853256364  2601.000  32 16 115.000000 115.000000 0.000000 0.000000 33.66185575 76.167348875 62.79372340625 4.9965619375 77.74309528125 64.443632125 4.8303976875 2437.355164 2009.399149 159.889982 2487.779049 2062.196228 154.572726
2012_12_28_18_15_51_117714594  2601.000  32 14 115.000000 115.000000 0.000000 0.000000 31.01871084375 78.3650221875 64.9726246875 5.1978385 76.68410175 63.3727635625 5.12746459375 2507.68071 2079.12399 166.330832 2453.891256 2027.928434 164.078867
2012_12_28_18_16_29_128666182  2601.000  32 12 115.000000 115.000000 0.000000 0.000000 37.5178039375 67.66849640625 54.3012049375 4.77925275 67.83321259375 54.53153596875 4.8034819375 2165.391885 1737.638558 152.936088 2170.662803 1745.009151 153.711422
2012_12_28_18_17_13_127867736  2601.000  32 10 115.000000 115.000000 0.000000 0.000000 37.1391786875 66.8701743125 53.50270803125 5.04993615625 66.1701169375 52.87758015625 5.03857184375 2139.845578 1712.086657 161.597957 2117.443742 1692.082565 161.234299
2012_12_28_18_17_57_052902421  2601.000  32 8 115.000000 115.000000 0.000000 0.000000 43.71575746875 61.10708628125 47.75241709375 5.0140211875 61.5084418125 48.2256949375 4.958426875 1955.426761 1528.077347 160.448678 1968.270138 1543.222238 158.66966
2012_12_28_18_18_47_624260711  2601.000  32 6 115.000000 115.000000 0.000000 0.000000 53.79870065625 53.4647659375 40.11788946875 5.10509165625 52.97918003125 39.7458956875 4.64838728125 1710.87251 1283.772463 163.362933 1695.333761 1271.868662 148.748393
2012_12_28_18_19_48_411372255  2601.000  32 4 115.000000 115.000000 0.000000 0.000000 75.8483529375 46.44787034375 33.156976125 4.88115453125 46.363667625 33.142397125 4.26895634375 1486.331851 1061.023236 156.196945 1483.637364 1060.556708 136.606603
