2013_01_13_09_01_20_112839282  2601.000 1 16
2013_01_13_09_01_20_240568816  2601.000 1 16
2013_01_13_09_01_20_370199944  2601.000 1 16
2013_01_13_09_03_14_808465322  2601.000 1 14
2013_01_13_09_03_15_551106131  2601.000 1 14
2013_01_13_09_03_16_643784849  2601.000 1 14
2013_01_13_09_05_26_943401409  2601.000 1 12
2013_01_13_09_05_27_301287736  2601.000 1 12
2013_01_13_09_05_29_770656105  2601.000 1 12
2013_01_13_09_08_00_704566965  2601.000 1 10
2013_01_13_09_08_03_298161879  2601.000 1 10
2013_01_13_09_08_07_773953914  2601.000 1 10
2013_01_13_09_11_11_163176938  2601.000 1 8
2013_01_13_09_11_11_313700468  2601.000 1 8
2013_01_13_09_11_20_382966595  2601.000 1 8
2013_01_13_09_14_52_758574597  2601.000 1 6
2013_01_13_09_14_59_037457149  2601.000 1 6
2013_01_13_09_15_23_694239533  2601.000 1 6
2013_01_13_09_19_21_657362511  2601.000 1 4
2013_01_13_09_19_24_289116487  2601.000 1 4
2013_01_13_09_19_55_570926711  2601.000 1 4
2013_01_13_09_26_19_626924362  2601.000 1 16
2013_01_13_09_26_23_573321436  2601.000 1 16
2013_01_13_09_27_08_941287438  2601.000 1 16
2013_01_13_09_29_10_716998079  2601.000 1 14
2013_01_13_09_29_17_425517128  2601.000 1 14
2013_01_13_09_30_01_835784359  2601.000 1 14
2013_01_13_09_32_06_944279294  2601.000 1 12
2013_01_13_09_32_20_656956067  2601.000 1 12
2013_01_13_09_33_03_439550090  2601.000 1 12
2013_01_13_09_35_24_952405156  2601.000 1 10
2013_01_13_09_35_47_101931118  2601.000 1 10
2013_01_13_09_36_25_641246943  2601.000 1 10
2013_01_13_09_39_10_575208551  2601.000 1 8
2013_01_13_09_39_47_764167809  2601.000 1 8
2013_01_13_09_40_18_089117314  2601.000 1 8
2013_01_13_09_43_45_874367206  2601.000 1 6
2013_01_13_09_44_43_611281276  2601.000 1 6
2013_01_13_09_45_04_751510649  2601.000 1 6
2013_01_13_09_49_28_157129389  2601.000 1 4
2013_01_13_09_50_03_710890051  2601.000 1 4
2013_01_13_09_50_29_852614947  2601.000 1 4
2013_01_13_09_59_19_015549492  2601.000 1 16
2013_01_13_09_59_32_295789239  2601.000 1 16
2013_01_13_09_59_51_007196784  2601.000 1 16
2013_01_13_10_02_01_194166068  2601.000 1 14
2013_01_13_10_02_09_085584059  2601.000 1 14
2013_01_13_10_02_29_773009192  2601.000 1 14
2013_01_13_10_04_56_034099049  2601.000 1 12
2013_01_13_10_05_02_282411093  2601.000 1 12
2013_01_13_10_05_16_363304875  2601.000 1 12
2013_01_13_10_08_14_270178902  2601.000 1 10
2013_01_13_10_08_19_595390277  2601.000 1 10
2013_01_13_10_08_27_469933906  2601.000 1 10
2013_01_13_10_11_59_720688380  2601.000 1 8
2013_01_13_10_12_00_035935795  2601.000 1 8
2013_01_13_10_12_08_726881736  2601.000 1 8
2013_01_13_10_16_42_537284074  2601.000 1 6
2013_01_13_10_16_43_006576532  2601.000 1 6
2013_01_13_10_16_55_600183846  2601.000 1 6
2013_01_13_10_22_08_917454214  2601.000 1 4
2013_01_13_10_22_15_649788993  2601.000 1 4
2013_01_13_10_22_27_116019429  2601.000 1 4
2013_01_13_10_30_59_006170815  2601.000 1 16
2013_01_13_10_32_39_786094777  2601.000 1 16
2013_01_13_10_32_43_796160318  2601.000 1 16
2013_01_13_10_33_35_665535029  2601.000 1 14
2013_01_13_10_35_12_805610754  2601.000 1 14
2013_01_13_10_35_13_200389812  2601.000 1 14
2013_01_13_10_36_19_315003037  2601.000 1 12
2013_01_13_10_37_51_961354339  2601.000 1 12
2013_01_13_10_38_01_024742846  2601.000 1 12
2013_01_13_10_39_29_161997362  2601.000 1 10
2013_01_13_10_41_02_367579128  2601.000 1 10
2013_01_13_10_41_07_450146683  2601.000 1 10
2013_01_13_10_42_59_828981112  2601.000 1 8
2013_01_13_10_44_33_770876825  2601.000 1 8
2013_01_13_10_44_36_495592179  2601.000 1 8
2013_01_13_10_47_40_906324438  2601.000 1 6
2013_01_13_10_49_14_609765831  2601.000 1 6
2013_01_13_10_49_34_264578899  2601.000 1 6
2013_01_13_10_53_21_428872180  2601.000 1 4
2013_01_13_10_54_59_349143585  2601.000 1 4
2013_01_13_10_55_08_422367976  2601.000 1 4
2013_01_13_11_02_59_134316745  2601.000 1 16
2013_01_13_11_04_29_115969023  2601.000 1 16
2013_01_13_11_05_09_673662957  2601.000 1 16
2013_01_13_11_05_28_202936717  2601.000 1 14
2013_01_13_11_06_53_215384592  2601.000 1 14
2013_01_13_11_07_33_388957643  2601.000 1 14
2013_01_13_11_08_06_854261438  2601.000 1 12
2013_01_13_11_09_25_936006692  2601.000 1 12
2013_01_13_11_10_10_806105050  2601.000 1 12
2013_01_13_11_11_05_079871294  2601.000 1 10
2013_01_13_11_12_24_921028252  2601.000 1 10
2013_01_13_11_13_06_621701375  2601.000 1 10
2013_01_13_11_14_39_928262352  2601.000 1 8
2013_01_13_11_15_58_556802808  2601.000 1 8
2013_01_13_11_16_37_471036444  2601.000 1 8
2013_01_13_11_19_27_017865772  2601.000 1 6
2013_01_13_11_20_45_604869661  2601.000 1 6
2013_01_13_11_21_23_558617756  2601.000 1 6
2013_01_13_11_25_09_575083342  2601.000 1 4
2013_01_13_11_26_15_069058097  2601.000 1 4
2013_01_13_11_27_07_710951881  2601.000 1 4
2013_01_13_11_35_03_442065728  2601.000 1 16
2013_01_13_11_35_37_980039861  2601.000 1 16
2013_01_13_11_37_03_224723406  2601.000 1 16
2013_01_13_11_37_23_950713645  2601.000 1 14
2013_01_13_11_37_59_611200870  2601.000 1 14
2013_01_13_11_39_22_412961734  2601.000 1 14
2013_01_13_11_39_53_147282043  2601.000 1 12
2013_01_13_11_40_33_462002277  2601.000 1 12
2013_01_13_11_41_55_428296577  2601.000 1 12
2013_01_13_11_42_50_587971689  2601.000 1 10
2013_01_13_11_43_32_679017350  2601.000 1 10
2013_01_13_11_44_50_245495566  2601.000 1 10
2013_01_13_11_46_22_057091543  2601.000 1 8
2013_01_13_11_47_04_320729779  2601.000 1 8
2013_01_13_11_48_20_727914420  2601.000 1 8
2013_01_13_11_51_05_176359770  2601.000 1 6
2013_01_13_11_52_03_208874237  2601.000 1 6
2013_01_13_11_53_05_207570663  2601.000 1 6
2013_01_13_11_56_31_449085231  2601.000 1 4
2013_01_13_11_57_39_744270863  2601.000 1 4
2013_01_13_11_58_40_318000430  2601.000 1 4
2013_01_13_12_05_35_279159234  2601.000 1 16
2013_01_13_12_07_24_465245418  2601.000 1 16
2013_01_13_12_07_45_477390677  2601.000 1 14
2013_01_13_12_08_01_167570792  2601.000 1 16
2013_01_13_12_09_42_684350604  2601.000 1 14
2013_01_13_12_10_14_723294992  2601.000 1 12
2013_01_13_12_10_16_562153693  2601.000 1 14
2013_01_13_12_12_12_096255000  2601.000 1 12
2013_01_13_12_12_45_777738416  2601.000 1 12
2013_01_13_12_13_11_177049105  2601.000 1 10
2013_01_13_12_15_10_942003011  2601.000 1 10
2013_01_13_12_15_41_803542191  2601.000 1 10
2013_01_13_12_16_47_019187061  2601.000 1 8
2013_01_13_12_18_40_440679378  2601.000 1 8
2013_01_13_12_19_13_068810032  2601.000 1 8
2013_01_13_12_21_46_314669202  2601.000 1 6
2013_01_13_12_23_31_956532014  2601.000 1 6
2013_01_13_12_24_00_957658165  2601.000 1 6
2013_01_13_12_27_21_292573764  2601.000 1 4
2013_01_13_12_29_00_673793216  2601.000 1 4
2013_01_13_12_29_33_077376189  2601.000 1 4
2013_01_13_12_36_33_542356825  2601.000 1 16
2013_01_13_12_38_46_935462137  2601.000 1 14
2013_01_13_12_38_56_645092268  2601.000 1 16
2013_01_13_12_39_11_831214078  2601.000 1 16
2013_01_13_12_41_09_687331419  2601.000 1 14
2013_01_13_12_41_16_576593865  2601.000 1 12
2013_01_13_12_41_21_853733279  2601.000 1 14
2013_01_13_12_43_39_343847410  2601.000 1 12
2013_01_13_12_43_50_260271883  2601.000 1 12
2013_01_13_12_44_10_840372862  2601.000 1 10
2013_01_13_12_46_36_979878160  2601.000 1 10
2013_01_13_12_46_46_287917798  2601.000 1 10
2013_01_13_12_47_44_691242310  2601.000 1 8
2013_01_13_12_50_08_651373942  2601.000 1 8
2013_01_13_12_50_23_337816208  2601.000 1 8
2013_01_13_12_52_29_566866597  2601.000 1 6
2013_01_13_12_54_58_145178449  2601.000 1 6
2013_01_13_12_55_23_226227293  2601.000 1 6
2013_01_13_12_57_55_593970930  2601.000 1 4
2013_01_13_13_00_33_661127589  2601.000 1 4
2013_01_13_13_00_53_759532483  2601.000 1 4
2013_01_13_13_07_23_641303046  2601.000 1 16
2013_01_13_13_09_33_180400894  2601.000 1 14
2013_01_13_13_09_50_207869667  2601.000 1 16
2013_01_13_13_10_30_413221905  2601.000 1 16
2013_01_13_13_12_01_972396364  2601.000 1 14
2013_01_13_13_12_02_034712073  2601.000 1 12
2013_01_13_13_12_39_837366314  2601.000 1 14
2013_01_13_13_14_31_577729603  2601.000 1 12
2013_01_13_13_14_56_704762120  2601.000 1 10
2013_01_13_13_15_08_071199646  2601.000 1 12
2013_01_13_13_17_28_816954025  2601.000 1 10
2013_01_13_13_18_05_546080070  2601.000 1 10
2013_01_13_13_18_25_870085108  2601.000 1 8
2013_01_13_13_20_59_160402228  2601.000 1 8
2013_01_13_13_21_37_979006171  2601.000 1 8
2013_01_13_13_23_05_935411864  2601.000 1 6
2013_01_13_13_25_42_477307780  2601.000 1 6
2013_01_13_13_26_21_103843718  2601.000 1 6
2013_01_13_13_28_38_619702635  2601.000 1 4
2013_01_13_13_31_10_205033807  2601.000 1 4
2013_01_13_13_32_01_670474185  2601.000 1 4
2013_01_13_13_37_29_844179504  2601.000 1 16
2013_01_13_13_39_38_806666589  2601.000 1 14
2013_01_13_13_40_55_739389681  2601.000 1 16
2013_01_13_13_42_03_336563668  2601.000 1 16
2013_01_13_13_42_08_825031855  2601.000 1 12
2013_01_13_13_43_08_138267304  2601.000 1 14
2013_01_13_13_44_15_741269375  2601.000 1 14
2013_01_13_13_45_05_454975697  2601.000 1 10
2013_01_13_13_45_36_382835192  2601.000 1 12
2013_01_13_13_46_46_968292301  2601.000 1 12
2013_01_13_13_48_31_775561774  2601.000 1 10
2013_01_13_13_48_34_651766299  2601.000 1 8
2013_01_13_13_49_44_431675624  2601.000 1 10
2013_01_13_13_52_08_027079277  2601.000 1 8
2013_01_13_13_53_12_108876490  2601.000 1 6
2013_01_13_13_53_16_105652209  2601.000 1 8
2013_01_13_13_56_54_714212295  2601.000 1 6
2013_01_13_13_57_59_405193793  2601.000 1 6
2013_01_13_13_58_44_847858472  2601.000 1 4
2013_01_13_14_02_31_865132068  2601.000 1 4
2013_01_13_14_03_29_941746045  2601.000 1 4
2013_01_13_14_07_36_706000260  2601.000 1 16
2013_01_13_14_09_48_473997809  2601.000 1 14
2013_01_13_14_12_17_420342409  2601.000 1 16
2013_01_13_14_12_18_471116654  2601.000 1 12
2013_01_13_14_13_24_044874759  2601.000 1 16
2013_01_13_14_14_31_534128441  2601.000 1 14
2013_01_13_14_15_12_127012747  2601.000 1 10
2013_01_13_14_15_35_598971662  2601.000 1 14
2013_01_13_14_17_01_737032595  2601.000 1 12
2013_01_13_14_18_07_967417302  2601.000 1 12
2013_01_13_14_18_45_037661210  2601.000 1 8
2013_01_13_14_19_58_950778501  2601.000 1 10
2013_01_13_14_21_02_021293772  2601.000 1 10
2013_01_13_14_23_30_197091394  2601.000 1 8
2013_01_13_14_23_35_705994628  2601.000 1 6
2013_01_13_14_24_37_463130964  2601.000 1 8
2013_01_13_14_28_16_894267268  2601.000 1 6
2013_01_13_14_29_13_781396734  2601.000 1 4
2013_01_13_14_29_30_957210993  2601.000 1 6
2013_01_13_14_34_02_040107146  2601.000 1 4
2013_01_13_14_34_55_270114538  2601.000 1 4
2013_01_13_14_39_22_090448838  2601.000 1 16
2013_01_13_14_41_34_516233578  2601.000 1 14
2013_01_13_14_43_26_846387047  2601.000 1 16
2013_01_13_14_44_03_737744090  2601.000 1 12
2013_01_13_14_44_43_377179581  2601.000 1 16
2013_01_13_14_45_39_049114188  2601.000 1 14
2013_01_13_14_46_56_799437155  2601.000 1 14
2013_01_13_14_46_59_304026085  2601.000 1 10
2013_01_13_14_48_09_415557507  2601.000 1 12
2013_01_13_14_49_26_837013735  2601.000 1 12
2013_01_13_14_50_30_750066097  2601.000 1 8
2013_01_13_14_51_05_073771444  2601.000 1 10
2013_01_13_14_52_23_055135199  2601.000 1 10
2013_01_13_14_54_36_346172800  2601.000 1 8
2013_01_13_14_55_26_664656149  2601.000 1 6
2013_01_13_14_55_55_091244914  2601.000 1 8
2013_01_13_14_59_33_690947619  2601.000 1 6
2013_01_13_15_00_38_818090518  2601.000 1 6
2013_01_13_15_01_02_960206287  2601.000 1 4
2013_01_13_15_04_59_869369408  2601.000 1 4
2013_01_13_15_06_07_955224768  2601.000 1 4
