PKG_C_0 PKG_E_0 DRAM_C_0 DRAM_E_0 PKG_C_1 PKG_E_1 DRAM_C_1 DRAM_E_1
1 1 0 0 1 1 0 0
1 1 0 0 1 1 0 0
1 1 0 0 1 1 0 0
1 1 0 0 1 1 0 0
1 1 0 0 1 1 0 0
1 1 0 0 1 1 0 0
1 1 0 0 1 1 0 0
1 1 0 0 1 1 0 0
1 1 0 0 1 1 0 0
1 1 0 0 1 1 0 0
1 1 0 0 1 1 0 0
1 1 0 0 1 1 0 0
1 1 0 0 1 1 0 0
1 1 0 0 1 1 0 0
1 1 0 0 1 1 0 0
1 1 0 0 1 1 0 0
1 1 0 0 1 1 0 0
1 1 0 0 1 1 0 0
1 1 0 0 1 1 0 0
1 1 0 0 1 1 0 0
1 1 0 0 1 1 0 0
1 1 0 0 1 1 0 0
1 1 0 0 1 1 0 0
1 1 0 0 1 1 0 0
1 1 0 0 1 1 0 0
1 1 0 0 1 1 0 0
1 1 0 0 1 1 0 0
1 1 0 0 1 1 0 0
1 1 0 0 1 1 0 0
1 1 0 0 1 1 0 0
1 1 0 0 1 1 0 0
1 1 0 0 1 1 0 0
