2012_07_23_16_32_07_386121055  2601.000 8 16
2012_07_23_16_32_55_644078572  2601.000 8 14
2012_07_23_16_33_43_144851498  2601.000 8 12
2012_07_23_16_34_28_529098368  2601.000 8 10
2012_07_23_16_35_12_277991539  2601.000 8 8
2012_07_23_16_35_55_295543756  2601.000 8 6
2012_07_23_16_36_46_662584934  2601.000 8 4
2012_07_23_16_37_38_413468421  2601.000 16 16
2012_07_23_16_38_08_951646373  2601.000 16 14
2012_07_23_16_38_37_411486005  2601.000 16 12
2012_07_23_16_39_04_904617928  2601.000 16 10
2012_07_23_16_39_32_903027075  2601.000 16 8
2012_07_23_16_39_59_595200341  2601.000 16 6
2012_07_23_16_40_29_129080244  2601.000 16 4
2012_07_23_16_40_59_385595509  2601.000 32 16
2012_07_23_16_41_20_125433725  2601.000 32 14
2012_07_23_16_41_37_800457631  2601.000 32 12
2012_07_23_16_41_55_236300384  2601.000 32 10
2012_07_23_16_42_12_360056129  2601.000 32 8
2012_07_23_16_42_29_080953662  2601.000 32 6
2012_07_23_16_42_47_252665906  2601.000 32 4
2012_07_27_12_30_37_204731821  2601.000 8 16
2012_07_27_12_31_26_802165234  2601.000 8 14
2012_07_27_12_32_13_333266796  2601.000 8 12
2012_07_27_12_32_58_822306753  2601.000 8 10
2012_07_27_12_33_42_698245927  2601.000 8 8
2012_07_27_12_34_25_570038591  2601.000 8 6
2012_07_27_12_35_16_276275233  2601.000 8 4
2012_07_27_12_36_06_739861211  2601.000 16 16
2012_07_27_12_36_35_413706102  2601.000 16 14
2012_07_27_12_37_02_283235973  2601.000 16 12
2012_07_27_12_37_28_055451140  2601.000 16 10
2012_07_27_12_37_53_216172628  2601.000 16 8
2012_07_27_12_38_17_558638725  2601.000 16 6
2012_07_27_12_38_45_729000887  2601.000 16 4
2012_07_27_12_39_14_383522961  2601.000 32 16
2012_07_27_12_39_33_230729398  2601.000 32 14
2012_07_27_12_39_49_307595845  2601.000 32 12
2012_07_27_12_40_05_730046005  2601.000 32 10
2012_07_27_12_40_21_131845158  2601.000 32 8
2012_07_27_12_40_36_498259294  2601.000 32 6
2012_07_27_12_40_54_267548009  2601.000 32 4
2012_07_27_16_04_57_116051413  2601.000 8 16
2012_07_27_16_05_44_846455027  2601.000 8 14
2012_07_27_16_06_30_765128606  2601.000 8 12
2012_07_27_16_07_14_627889858  2601.000 8 10
2012_07_27_16_07_57_338941155  2601.000 8 8
2012_07_27_16_08_38_970475596  2601.000 8 6
2012_07_27_16_09_29_923131395  2601.000 8 4
2012_07_27_16_10_21_553516963  2601.000 16 16
2012_07_27_16_10_50_701238718  2601.000 16 14
2012_07_27_16_11_18_046469781  2601.000 16 12
2012_07_27_16_11_44_958566750  2601.000 16 10
2012_07_27_16_12_10_000910327  2601.000 16 8
2012_07_27_16_12_34_170302633  2601.000 16 6
2012_07_27_16_13_02_303718406  2601.000 16 4
2012_07_27_16_13_30_661339548  2601.000 32 16
2012_07_27_16_13_49_874681596  2601.000 32 14
2012_07_27_16_14_06_810596826  2601.000 32 12
2012_07_27_16_14_22_711632011  2601.000 32 10
2012_07_27_16_14_38_159701275  2601.000 32 8
2012_07_27_16_14_53_639590992  2601.000 32 6
2012_07_27_16_15_10_989658856  2601.000 32 4
2012_07_27_16_15_28_903321291  2601.000 8 16
2012_07_27_16_16_15_127223757  2601.000 8 14
2012_07_27_16_16_57_841383083  2601.000 8 12
2012_07_27_16_17_39_722140245  2601.000 8 10
2012_07_27_16_18_22_786415528  2601.000 8 8
2012_07_27_16_19_04_045687076  2601.000 8 6
2012_07_27_16_19_55_136154030  2601.000 8 4
2012_07_27_16_20_47_191441819  2601.000 16 16
2012_07_27_16_21_15_935988828  2601.000 16 14
2012_07_27_16_21_42_084702559  2601.000 16 12
2012_07_27_16_22_08_108784716  2601.000 16 10
2012_07_27_16_22_33_648480643  2601.000 16 8
2012_07_27_16_22_58_874363788  2601.000 16 6
2012_07_27_16_23_27_371984669  2601.000 16 4
2012_07_27_16_23_55_718588492  2601.000 32 16
2012_07_27_16_24_15_972657981  2601.000 32 14
2012_07_27_16_24_33_220164650  2601.000 32 12
2012_07_27_16_24_49_624035453  2601.000 32 10
2012_07_27_16_25_05_510496378  2601.000 32 8
2012_07_27_16_25_21_447889742  2601.000 32 6
2012_07_27_16_25_39_508135064  2601.000 32 4
2012_07_27_16_25_57_554214870  2601.000 8 16
2012_07_27_16_26_37_575851495  2601.000 8 14
2012_07_27_16_27_17_402303950  2601.000 8 12
2012_07_27_16_27_58_829643424  2601.000 8 10
2012_07_27_16_28_39_907275283  2601.000 8 8
2012_07_27_16_29_21_799960470  2601.000 8 6
2012_07_27_16_30_12_393989502  2601.000 8 4
2012_07_27_16_31_03_758346363  2601.000 16 16
2012_07_27_16_31_30_139135222  2601.000 16 14
2012_07_27_16_31_55_922383626  2601.000 16 12
2012_07_27_16_32_21_306055407  2601.000 16 10
2012_07_27_16_32_46_402916811  2601.000 16 8
2012_07_27_16_33_10_975527529  2601.000 16 6
2012_07_27_16_33_39_927250272  2601.000 16 4
2012_07_27_16_34_09_337914745  2601.000 32 16
2012_07_27_16_34_26_063126795  2601.000 32 14
2012_07_27_16_34_42_413414021  2601.000 32 12
2012_07_27_16_34_58_592658398  2601.000 32 10
2012_07_27_16_35_14_936610972  2601.000 32 8
2012_07_27_16_35_32_024517670  2601.000 32 6
2012_07_27_16_35_50_183980405  2601.000 32 4
2012_07_27_16_36_08_612199022  2601.000 8 16
2012_07_27_16_36_53_543744544  2601.000 8 14
2012_07_27_16_37_34_924196509  2601.000 8 12
2012_07_27_16_38_15_367493518  2601.000 8 10
2012_07_27_16_38_57_948866949  2601.000 8 8
2012_07_27_16_39_39_570403439  2601.000 8 6
2012_07_27_16_40_29_208776053  2601.000 8 4
2012_07_27_16_41_19_880430644  2601.000 16 16
2012_07_27_16_41_45_324542061  2601.000 16 14
2012_07_27_16_42_10_149489870  2601.000 16 12
2012_07_27_16_42_34_673439193  2601.000 16 10
2012_07_27_16_43_00_255087417  2601.000 16 8
2012_07_27_16_43_25_460159659  2601.000 16 6
2012_07_27_16_43_54_657662010  2601.000 16 4
2012_07_27_16_44_24_617781117  2601.000 32 16
2012_07_27_16_44_40_426687938  2601.000 32 14
2012_07_27_16_44_56_862367587  2601.000 32 12
2012_07_27_16_45_13_221467688  2601.000 32 10
2012_07_27_16_45_29_025486713  2601.000 32 8
2012_07_27_16_45_45_277478341  2601.000 32 6
2012_07_27_16_46_03_426208735  2601.000 32 4
