2013_01_13_09_01_15_429205675  2601.000 1 16
2013_01_13_09_01_19_868914987  2601.000 1 16
2013_01_13_09_01_20_032448279  2601.000 1 16
2013_01_13_09_01_35_670259308  2601.000 1 14
2013_01_13_09_01_39_909006826  2601.000 1 14
2013_01_13_09_01_40_070268571  2601.000 1 14
2013_01_13_09_01_58_300985357  2601.000 1 12
2013_01_13_09_02_02_563877331  2601.000 1 12
2013_01_13_09_02_02_616319597  2601.000 1 12
2013_01_13_09_02_23_548432574  2601.000 1 10
2013_01_13_09_02_28_069097666  2601.000 1 10
2013_01_13_09_02_28_107815952  2601.000 1 10
2013_01_13_09_02_53_811792748  2601.000 1 8
2013_01_13_09_02_58_173303663  2601.000 1 8
2013_01_13_09_02_58_410030030  2601.000 1 8
2013_01_13_09_03_30_111396219  2601.000 1 6
2013_01_13_09_03_34_470400741  2601.000 1 6
2013_01_13_09_03_34_706554067  2601.000 1 6
2013_01_13_09_04_18_394232440  2601.000 1 4
2013_01_13_09_04_22_787777883  2601.000 1 4
2013_01_13_09_04_23_012005733  2601.000 1 4
2013_01_13_09_05_28_515445939  2601.000 1 16
2013_01_13_09_05_32_777164829  2601.000 1 16
2013_01_13_09_05_32_901753197  2601.000 1 16
2013_01_13_09_05_58_166208499  2601.000 1 14
2013_01_13_09_06_02_088921698  2601.000 1 14
2013_01_13_09_06_02_989624273  2601.000 1 14
2013_01_13_09_06_29_681253666  2601.000 1 12
2013_01_13_09_06_33_183123454  2601.000 1 12
2013_01_13_09_06_34_698057972  2601.000 1 12
2013_01_13_09_07_03_569350769  2601.000 1 10
2013_01_13_09_07_06_905382296  2601.000 1 10
2013_01_13_09_07_08_765502621  2601.000 1 10
2013_01_13_09_07_41_057234151  2601.000 1 8
2013_01_13_09_07_44_581866089  2601.000 1 8
2013_01_13_09_07_46_472304962  2601.000 1 8
2013_01_13_09_08_25_755695126  2601.000 1 6
2013_01_13_09_08_29_298326250  2601.000 1 6
2013_01_13_09_08_31_170804329  2601.000 1 6
2013_01_13_09_09_24_878879320  2601.000 1 4
2013_01_13_09_09_28_455803641  2601.000 1 4
2013_01_13_09_09_30_490835077  2601.000 1 4
2013_01_13_09_10_53_220916959  2601.000 1 16
2013_01_13_09_10_57_017612664  2601.000 1 16
2013_01_13_09_10_58_850716692  2601.000 1 16
2013_01_13_09_11_21_129392610  2601.000 1 14
2013_01_13_09_11_24_736814378  2601.000 1 14
2013_01_13_09_11_27_446031787  2601.000 1 14
2013_01_13_09_11_50_878961107  2601.000 1 12
2013_01_13_09_11_54_061282381  2601.000 1 12
2013_01_13_09_11_57_370111704  2601.000 1 12
2013_01_13_09_12_23_115128832  2601.000 1 10
2013_01_13_09_12_25_770786341  2601.000 1 10
2013_01_13_09_12_29_884265264  2601.000 1 10
2013_01_13_09_12_59_107924726  2601.000 1 8
2013_01_13_09_13_01_679293033  2601.000 1 8
2013_01_13_09_13_05_789887750  2601.000 1 8
2013_01_13_09_13_43_607148102  2601.000 1 6
2013_01_13_09_13_46_616114419  2601.000 1 6
2013_01_13_09_13_50_512238461  2601.000 1 6
2013_01_13_09_14_42_955490498  2601.000 1 4
2013_01_13_09_14_45_944158828  2601.000 1 4
2013_01_13_09_14_49_806264739  2601.000 1 4
2013_01_13_09_16_11_282219431  2601.000 1 16
2013_01_13_09_16_14_178565147  2601.000 1 16
2013_01_13_09_16_18_164408988  2601.000 1 16
2013_01_13_09_16_37_594678524  2601.000 1 14
2013_01_13_09_16_40_079709060  2601.000 1 14
2013_01_13_09_16_44_836970605  2601.000 1 14
2013_01_13_09_17_05_472761759  2601.000 1 12
2013_01_13_09_17_07_770514337  2601.000 1 12
2013_01_13_09_17_12_743927591  2601.000 1 12
2013_01_13_09_17_35_576665774  2601.000 1 10
2013_01_13_09_17_37_875869486  2601.000 1 10
2013_01_13_09_17_43_258846882  2601.000 1 10
2013_01_13_09_18_11_579505254  2601.000 1 8
2013_01_13_09_18_13_773220987  2601.000 1 8
2013_01_13_09_18_19_171967189  2601.000 1 8
2013_01_13_09_18_56_260344667  2601.000 1 6
2013_01_13_09_18_58_275713416  2601.000 1 6
2013_01_13_09_19_03_905184224  2601.000 1 6
2013_01_13_09_19_55_409562815  2601.000 1 4
2013_01_13_09_19_57_595854932  2601.000 1 4
2013_01_13_09_20_03_246698926  2601.000 1 4
2013_01_13_09_21_23_939584341  2601.000 1 16
2013_01_13_09_21_25_935145133  2601.000 1 16
2013_01_13_09_21_31_617327680  2601.000 1 16
2013_01_13_09_21_48_638357652  2601.000 1 14
2013_01_13_09_21_50_436879033  2601.000 1 14
2013_01_13_09_21_56_538627224  2601.000 1 14
2013_01_13_09_22_15_126700752  2601.000 1 12
2013_01_13_09_22_16_454704041  2601.000 1 12
2013_01_13_09_22_23_233101848  2601.000 1 12
2013_01_13_09_22_45_210291192  2601.000 1 10
2013_01_13_09_22_46_559751836  2601.000 1 10
2013_01_13_09_22_53_341014786  2601.000 1 10
2013_01_13_09_23_21_099536963  2601.000 1 8
2013_01_13_09_23_22_478887508  2601.000 1 8
2013_01_13_09_23_29_255131654  2601.000 1 8
2013_01_13_09_24_05_806319392  2601.000 1 6
2013_01_13_09_24_07_170647590  2601.000 1 6
2013_01_13_09_24_13_967871409  2601.000 1 6
2013_01_13_09_25_05_089698088  2601.000 1 4
2013_01_13_09_25_06_458381797  2601.000 1 4
2013_01_13_09_25_13_258851162  2601.000 1 4
2013_01_13_09_26_33_388575202  2601.000 1 16
2013_01_13_09_26_34_797463786  2601.000 1 16
2013_01_13_09_26_41_685496011  2601.000 1 16
2013_01_13_09_26_57_313823629  2601.000 1 14
2013_01_13_09_26_58_095877229  2601.000 1 14
2013_01_13_09_27_05_585144640  2601.000 1 14
2013_01_13_09_27_23_171402493  2601.000 1 12
2013_01_13_09_27_23_950692773  2601.000 1 12
2013_01_13_09_27_31_486019301  2601.000 1 12
2013_01_13_09_27_53_255445258  2601.000 1 10
2013_01_13_09_27_53_866205959  2601.000 1 10
2013_01_13_09_28_01_590235574  2601.000 1 10
2013_01_13_09_28_29_157630907  2601.000 1 8
2013_01_13_09_28_29_802353829  2601.000 1 8
2013_01_13_09_28_37_505008079  2601.000 1 8
2013_01_13_09_29_13_832856011  2601.000 1 6
2013_01_13_09_29_14_329001365  2601.000 1 6
2013_01_13_09_29_22_016456761  2601.000 1 6
2013_01_13_09_30_13_187327287  2601.000 1 4
2013_01_13_09_30_13_677649387  2601.000 1 4
2013_01_13_09_30_21_335458432  2601.000 1 4
2013_01_13_09_31_41_544485179  2601.000 1 16
2013_01_13_09_31_42_232992434  2601.000 1 16
2013_01_13_09_31_49_673297622  2601.000 1 16
2013_01_13_09_32_04_217877801  2601.000 1 14
2013_01_13_09_32_05_129625660  2601.000 1 14
2013_01_13_09_32_12_572291362  2601.000 1 14
2013_01_13_09_32_30_102896481  2601.000 1 12
2013_01_13_09_32_31_221772822  2601.000 1 12
2013_01_13_09_32_38_482309823  2601.000 1 12
2013_01_13_09_33_00_215235623  2601.000 1 10
2013_01_13_09_33_01_132287113  2601.000 1 10
2013_01_13_09_33_08_583193481  2601.000 1 10
2013_01_13_09_33_36_145992885  2601.000 1 8
2013_01_13_09_33_37_047732565  2601.000 1 8
2013_01_13_09_33_44_466117488  2601.000 1 8
2013_01_13_09_34_20_846454663  2601.000 1 6
2013_01_13_09_34_21_550205276  2601.000 1 6
2013_01_13_09_34_28_981219377  2601.000 1 6
2013_01_13_09_35_20_185411509  2601.000 1 4
2013_01_13_09_35_20_869948526  2601.000 1 4
2013_01_13_09_35_28_298984639  2601.000 1 4
2013_01_13_09_36_48_505427015  2601.000 1 16
2013_01_13_09_36_49_193056773  2601.000 1 16
2013_01_13_09_36_56_656181527  2601.000 1 16
2013_01_13_09_37_11_410972256  2601.000 1 14
2013_01_13_09_37_12_086752927  2601.000 1 14
2013_01_13_09_37_19_561647260  2601.000 1 14
2013_01_13_09_37_37_519898989  2601.000 1 12
2013_01_13_09_37_37_974864558  2601.000 1 12
2013_01_13_09_37_45_444928930  2601.000 1 12
2013_01_13_09_38_07_417316046  2601.000 1 10
2013_01_13_09_38_08_237843670  2601.000 1 10
2013_01_13_09_38_15_549998612  2601.000 1 10
2013_01_13_09_38_43_327664944  2601.000 1 8
2013_01_13_09_38_44_185622414  2601.000 1 8
2013_01_13_09_38_51_464043615  2601.000 1 8
2013_01_13_09_39_27_806372848  2601.000 1 6
2013_01_13_09_39_28_888041529  2601.000 1 6
2013_01_13_09_39_36_164915288  2601.000 1 6
2013_01_13_09_40_27_129495110  2601.000 1 4
2013_01_13_09_40_28_228404479  2601.000 1 4
2013_01_13_09_40_35_513851400  2601.000 1 4
2013_01_13_09_41_55_426091328  2601.000 1 16
2013_01_13_09_41_56_805493110  2601.000 1 16
2013_01_13_09_42_03_868065677  2601.000 1 16
2013_01_13_09_42_18_305654801  2601.000 1 14
2013_01_13_09_42_19_698862586  2601.000 1 14
2013_01_13_09_42_26_758443408  2601.000 1 14
2013_01_13_09_42_44_194941558  2601.000 1 12
2013_01_13_09_42_45_580468936  2601.000 1 12
2013_01_13_09_42_52_637683924  2601.000 1 12
2013_01_13_09_43_14_264199523  2601.000 1 10
2013_01_13_09_43_15_481065791  2601.000 1 10
2013_01_13_09_43_22_730363122  2601.000 1 10
2013_01_13_09_43_50_181422998  2601.000 1 8
2013_01_13_09_43_51_376357241  2601.000 1 8
2013_01_13_09_43_58_640757302  2601.000 1 8
2013_01_13_09_44_34_882248934  2601.000 1 6
2013_01_13_09_44_35_890511449  2601.000 1 6
2013_01_13_09_44_43_143817513  2601.000 1 6
2013_01_13_09_45_34_196634857  2601.000 1 4
2013_01_13_09_45_35_007579006  2601.000 1 4
2013_01_13_09_45_42_490577961  2601.000 1 4
2013_01_13_09_47_02_521747388  2601.000 1 16
2013_01_13_09_47_03_331186921  2601.000 1 16
2013_01_13_09_47_10_758015407  2601.000 1 16
2013_01_13_09_47_25_423816209  2601.000 1 14
2013_01_13_09_47_26_239337246  2601.000 1 14
2013_01_13_09_47_33_681831018  2601.000 1 14
2013_01_13_09_47_51_278476157  2601.000 1 12
2013_01_13_09_47_52_115557861  2601.000 1 12
2013_01_13_09_47_59_563905756  2601.000 1 12
2013_01_13_09_48_21_372691282  2601.000 1 10
2013_01_13_09_48_22_017948042  2601.000 1 10
2013_01_13_09_48_29_652739583  2601.000 1 10
2013_01_13_09_48_57_268400409  2601.000 1 8
2013_01_13_09_48_57_933335316  2601.000 1 8
2013_01_13_09_49_05_552740030  2601.000 1 8
2013_01_13_09_49_41_738082941  2601.000 1 6
2013_01_13_09_49_42_422449635  2601.000 1 6
2013_01_13_09_49_50_256376651  2601.000 1 6
2013_01_13_09_50_41_032564409  2601.000 1 4
2013_01_13_09_50_41_748554206  2601.000 1 4
2013_01_13_09_50_49_370717686  2601.000 1 4
2013_01_13_09_52_09_324368073  2601.000 1 16
2013_01_13_09_52_10_045678394  2601.000 1 16
2013_01_13_09_52_17_728453833  2601.000 1 16
2013_01_13_09_52_32_030376686  2601.000 1 14
2013_01_13_09_52_32_929234350  2601.000 1 14
2013_01_13_09_52_40_565819826  2601.000 1 14
2013_01_13_09_52_58_095534666  2601.000 1 12
2013_01_13_09_52_58_998456394  2601.000 1 12
2013_01_13_09_53_06_486597821  2601.000 1 12
2013_01_13_09_53_28_187572354  2601.000 1 10
2013_01_13_09_53_29_100241989  2601.000 1 10
2013_01_13_09_53_36_602272497  2601.000 1 10
2013_01_13_09_54_04_093187849  2601.000 1 8
2013_01_13_09_54_05_000602870  2601.000 1 8
2013_01_13_09_54_12_651918169  2601.000 1 8
2013_01_13_09_54_48_563580356  2601.000 1 6
2013_01_13_09_54_49_887373179  2601.000 1 6
2013_01_13_09_54_57_370857672  2601.000 1 6
2013_01_13_09_55_47_671494632  2601.000 1 4
2013_01_13_09_55_49_213765107  2601.000 1 4
2013_01_13_09_55_56_693783972  2601.000 1 4
2013_01_13_09_57_16_456983891  2601.000 1 16
2013_01_13_09_57_17_537140082  2601.000 1 16
2013_01_13_09_57_25_049200397  2601.000 1 16
2013_01_13_09_57_39_350793796  2601.000 1 14
2013_01_13_09_57_40_410529226  2601.000 1 14
2013_01_13_09_57_47_801900119  2601.000 1 14
2013_01_13_09_58_05_192476856  2601.000 1 12
2013_01_13_09_58_06_263878414  2601.000 1 12
2013_01_13_09_58_13_690399687  2601.000 1 12
2013_01_13_09_58_35_289590052  2601.000 1 10
2013_01_13_09_58_36_372861527  2601.000 1 10
2013_01_13_09_58_43_794387601  2601.000 1 10
2013_01_13_09_59_11_164696430  2601.000 1 8
2013_01_13_09_59_12_303143111  2601.000 1 8
2013_01_13_09_59_19_708892065  2601.000 1 8
2013_01_13_09_59_55_655162159  2601.000 1 6
2013_01_13_09_59_56_972077019  2601.000 1 6
2013_01_13_10_00_04_439520176  2601.000 1 6
2013_01_13_10_00_54_974819326  2601.000 1 4
2013_01_13_10_00_56_090891859  2601.000 1 4
2013_01_13_10_01_03_761696530  2601.000 1 4
