2013_01_13_09_01_20_501582083  2601.000 1 16
2013_01_13_09_01_20_626073314  2601.000 1 16
2013_01_13_09_01_20_732187865  2601.000 1 16
2013_01_13_09_03_18_224991406  2601.000 1 14
2013_01_13_09_03_20_199722692  2601.000 1 14
2013_01_13_09_03_21_337488885  2601.000 1 14
2013_01_13_09_05_33_172532567  2601.000 1 12
2013_01_13_09_05_36_579143454  2601.000 1 12
2013_01_13_09_05_37_525330429  2601.000 1 12
2013_01_13_09_08_14_554510186  2601.000 1 10
2013_01_13_09_08_16_805764951  2601.000 1 10
2013_01_13_09_08_21_090818931  2601.000 1 10
2013_01_13_09_11_24_166663906  2601.000 1 8
2013_01_13_09_11_26_435746027  2601.000 1 8
2013_01_13_09_11_32_718310210  2601.000 1 8
2013_01_13_09_15_19_521432050  2601.000 1 6
2013_01_13_09_15_21_027927464  2601.000 1 6
2013_01_13_09_15_25_605637682  2601.000 1 6
2013_01_13_09_19_53_611622484  2601.000 1 4
2013_01_13_09_19_59_895227025  2601.000 1 4
2013_01_13_09_20_00_487035952  2601.000 1 4
2013_01_13_09_26_37_867917307  2601.000 1 16
2013_01_13_09_27_05_877597092  2601.000 1 16
2013_01_13_09_27_49_836234093  2601.000 1 16
2013_01_13_09_29_36_140298643  2601.000 1 14
2013_01_13_09_30_03_258928197  2601.000 1 14
2013_01_13_09_30_40_799422983  2601.000 1 14
2013_01_13_09_32_44_774185830  2601.000 1 12
2013_01_13_09_33_06_967335946  2601.000 1 12
2013_01_13_09_33_45_421275203  2601.000 1 12
2013_01_13_09_36_11_415355145  2601.000 1 10
2013_01_13_09_36_33_739453777  2601.000 1 10
2013_01_13_09_37_06_876884578  2601.000 1 10
2013_01_13_09_40_09_277045921  2601.000 1 8
2013_01_13_09_40_38_203625793  2601.000 1 8
2013_01_13_09_41_05_535098561  2601.000 1 8
2013_01_13_09_44_59_971549211  2601.000 1 6
2013_01_13_09_45_20_280853989  2601.000 1 6
2013_01_13_09_45_47_577597485  2601.000 1 6
2013_01_13_09_50_43_892188730  2601.000 1 4
2013_01_13_09_51_10_203115048  2601.000 1 4
2013_01_13_09_51_12_686996104  2601.000 1 4
2013_01_13_09_59_23_554705428  2601.000 1 16
2013_01_13_09_59_53_357470259  2601.000 1 16
2013_01_13_10_01_16_135973309  2601.000 1 16
2013_01_13_10_02_07_137044928  2601.000 1 14
2013_01_13_10_02_35_120348699  2601.000 1 14
2013_01_13_10_03_59_928222471  2601.000 1 14
2013_01_13_10_05_04_412257698  2601.000 1 12
2013_01_13_10_05_30_740955540  2601.000 1 12
2013_01_13_10_06_51_768414008  2601.000 1 12
2013_01_13_10_08_30_287392401  2601.000 1 10
2013_01_13_10_08_50_003067127  2601.000 1 10
2013_01_13_10_10_10_804966628  2601.000 1 10
2013_01_13_10_12_12_350162292  2601.000 1 8
2013_01_13_10_12_37_495110038  2601.000 1 8
2013_01_13_10_14_03_460078144  2601.000 1 8
2013_01_13_10_17_01_869531909  2601.000 1 6
2013_01_13_10_17_13_009139686  2601.000 1 6
2013_01_13_10_18_38_209930754  2601.000 1 6
2013_01_13_10_22_38_402042777  2601.000 1 4
2013_01_13_10_22_44_708327531  2601.000 1 4
2013_01_13_10_24_11_710230746  2601.000 1 4
2013_01_13_10_31_59_803726970  2601.000 1 16
2013_01_13_10_32_34_030103740  2601.000 1 16
2013_01_13_10_33_50_863301713  2601.000 1 16
2013_01_13_10_34_33_631596674  2601.000 1 14
2013_01_13_10_35_11_850653608  2601.000 1 14
2013_01_13_10_36_28_602764004  2601.000 1 14
2013_01_13_10_37_16_239739636  2601.000 1 12
2013_01_13_10_37_57_249478931  2601.000 1 12
2013_01_13_10_39_12_408482136  2601.000 1 12
2013_01_13_10_40_31_280403671  2601.000 1 10
2013_01_13_10_41_06_482451693  2601.000 1 10
2013_01_13_10_42_23_642176864  2601.000 1 10
2013_01_13_10_44_04_334852031  2601.000 1 8
2013_01_13_10_44_41_557730178  2601.000 1 8
2013_01_13_10_45_57_260431006  2601.000 1 8
2013_01_13_10_48_53_278174981  2601.000 1 6
2013_01_13_10_49_39_151582900  2601.000 1 6
2013_01_13_10_50_47_346569572  2601.000 1 6
2013_01_13_10_54_26_603898999  2601.000 1 4
2013_01_13_10_55_22_881165991  2601.000 1 4
2013_01_13_10_56_19_487452007  2601.000 1 4
2013_01_13_11_04_14_155636764  2601.000 1 16
2013_01_13_11_05_47_987646729  2601.000 1 16
2013_01_13_11_06_05_185392344  2601.000 1 16
2013_01_13_11_06_41_872820815  2601.000 1 14
2013_01_13_11_08_15_642605744  2601.000 1 14
2013_01_13_11_08_34_310265286  2601.000 1 14
2013_01_13_11_09_18_899944859  2601.000 1 12
2013_01_13_11_10_56_851849360  2601.000 1 12
2013_01_13_11_11_14_853922269  2601.000 1 12
2013_01_13_11_12_27_131338612  2601.000 1 10
2013_01_13_11_14_02_325164031  2601.000 1 10
2013_01_13_11_14_25_479478428  2601.000 1 10
2013_01_13_11_16_02_184775779  2601.000 1 8
2013_01_13_11_17_31_197572539  2601.000 1 8
2013_01_13_11_18_01_115950160  2601.000 1 8
2013_01_13_11_20_58_311377831  2601.000 1 6
2013_01_13_11_22_06_527674760  2601.000 1 6
2013_01_13_11_22_50_811132324  2601.000 1 6
2013_01_13_11_26_33_835512086  2601.000 1 4
2013_01_13_11_27_50_273058334  2601.000 1 4
2013_01_13_11_28_25_500149099  2601.000 1 4
2013_01_13_11_36_37_216810639  2601.000 1 16
2013_01_13_11_37_40_138713722  2601.000 1 16
2013_01_13_11_38_13_174369982  2601.000 1 16
2013_01_13_11_38_59_436578049  2601.000 1 14
2013_01_13_11_40_02_111964803  2601.000 1 14
2013_01_13_11_40_34_126385258  2601.000 1 14
2013_01_13_11_41_32_843783663  2601.000 1 12
2013_01_13_11_42_39_132198011  2601.000 1 12
2013_01_13_11_43_06_520417399  2601.000 1 12
2013_01_13_11_44_35_282651025  2601.000 1 10
2013_01_13_11_45_37_158759933  2601.000 1 10
2013_01_13_11_46_05_169973342  2601.000 1 10
2013_01_13_11_48_09_580884844  2601.000 1 8
2013_01_13_11_49_11_210336157  2601.000 1 8
2013_01_13_11_49_34_424679743  2601.000 1 8
2013_01_13_11_52_50_099630864  2601.000 1 6
2013_01_13_11_53_53_153668562  2601.000 1 6
2013_01_13_11_54_15_144479381  2601.000 1 6
2013_01_13_11_58_30_663678386  2601.000 1 4
2013_01_13_11_59_30_321512925  2601.000 1 4
2013_01_13_11_59_53_062061622  2601.000 1 4
2013_01_13_12_07_58_880096234  2601.000 1 16
2013_01_13_12_09_06_212404234  2601.000 1 16
2013_01_13_12_09_18_897401003  2601.000 1 16
2013_01_13_12_10_14_332621066  2601.000 1 14
2013_01_13_12_11_23_795265449  2601.000 1 14
2013_01_13_12_11_35_867227915  2601.000 1 14
2013_01_13_12_12_44_379276957  2601.000 1 12
2013_01_13_12_13_55_410262993  2601.000 1 12
2013_01_13_12_14_07_489557107  2601.000 1 12
2013_01_13_12_15_43_842796703  2601.000 1 10
2013_01_13_12_16_50_462653155  2601.000 1 10
2013_01_13_12_17_08_308287351  2601.000 1 10
2013_01_13_12_19_13_964673175  2601.000 1 8
2013_01_13_12_20_27_939791968  2601.000 1 8
2013_01_13_12_20_37_577186709  2601.000 1 8
2013_01_13_12_24_02_701501069  2601.000 1 6
2013_01_13_12_25_20_791943232  2601.000 1 6
2013_01_13_12_25_37_932291730  2601.000 1 6
2013_01_13_12_29_46_478299349  2601.000 1 4
2013_01_13_12_30_55_145840515  2601.000 1 4
2013_01_13_12_31_10_857050888  2601.000 1 4
2013_01_13_12_38_31_574235514  2601.000 1 16
2013_01_13_12_40_08_308803065  2601.000 1 16
2013_01_13_12_40_44_810731177  2601.000 1 14
2013_01_13_12_41_05_084603721  2601.000 1 16
2013_01_13_12_42_22_899293609  2601.000 1 14
2013_01_13_12_43_15_442799430  2601.000 1 12
2013_01_13_12_43_16_300643714  2601.000 1 14
2013_01_13_12_44_54_284919796  2601.000 1 12
2013_01_13_12_45_47_714187477  2601.000 1 12
2013_01_13_12_46_14_935700660  2601.000 1 10
2013_01_13_12_47_54_528094690  2601.000 1 10
2013_01_13_12_48_44_765551490  2601.000 1 10
2013_01_13_12_49_50_425549302  2601.000 1 8
2013_01_13_12_51_27_581331922  2601.000 1 8
2013_01_13_12_52_19_040583168  2601.000 1 8
2013_01_13_12_54_25_122488714  2601.000 1 6
2013_01_13_12_56_17_858469696  2601.000 1 6
2013_01_13_12_57_00_035428922  2601.000 1 6
2013_01_13_13_00_00_455537376  2601.000 1 4
2013_01_13_13_01_58_148361577  2601.000 1 4
2013_01_13_13_02_33_986681426  2601.000 1 4
2013_01_13_13_09_55_011411512  2601.000 1 16
2013_01_13_13_11_21_406150143  2601.000 1 16
2013_01_13_13_12_07_021924342  2601.000 1 14
2013_01_13_13_12_17_090130926  2601.000 1 16
2013_01_13_13_13_32_768735974  2601.000 1 14
2013_01_13_13_14_27_666340246  2601.000 1 14
2013_01_13_13_14_38_254243912  2601.000 1 12
2013_01_13_13_16_03_565384438  2601.000 1 12
2013_01_13_13_17_02_487897733  2601.000 1 12
2013_01_13_13_17_34_725238009  2601.000 1 10
2013_01_13_13_19_01_015163013  2601.000 1 10
2013_01_13_13_20_02_154368792  2601.000 1 10
2013_01_13_13_21_12_033051544  2601.000 1 8
2013_01_13_13_22_31_477764677  2601.000 1 8
2013_01_13_13_23_33_605518339  2601.000 1 8
2013_01_13_13_26_01_525141463  2601.000 1 6
2013_01_13_13_27_29_777305612  2601.000 1 6
2013_01_13_13_28_26_103279591  2601.000 1 6
2013_01_13_13_31_30_243075304  2601.000 1 4
2013_01_13_13_33_04_932176225  2601.000 1 4
2013_01_13_13_34_04_617318504  2601.000 1 4
2013_01_13_13_39_50_839308940  2601.000 1 16
2013_01_13_13_42_02_006359234  2601.000 1 14
2013_01_13_13_42_32_827129594  2601.000 1 16
2013_01_13_13_43_28_924844576  2601.000 1 16
2013_01_13_13_44_32_206136586  2601.000 1 12
2013_01_13_13_44_46_808300697  2601.000 1 14
2013_01_13_13_45_41_312658484  2601.000 1 14
2013_01_13_13_47_18_730830285  2601.000 1 12
2013_01_13_13_47_29_055163720  2601.000 1 10
2013_01_13_13_48_12_913600995  2601.000 1 12
2013_01_13_13_50_17_973500189  2601.000 1 10
2013_01_13_13_51_00_338640159  2601.000 1 8
2013_01_13_13_51_12_579250740  2601.000 1 10
2013_01_13_13_53_52_412803688  2601.000 1 8
2013_01_13_13_54_45_704897394  2601.000 1 8
2013_01_13_13_55_33_259279659  2601.000 1 6
2013_01_13_13_58_47_751118656  2601.000 1 6
2013_01_13_13_59_27_237286069  2601.000 1 6
2013_01_13_14_01_09_186971246  2601.000 1 4
2013_01_13_14_04_27_921306261  2601.000 1 4
2013_01_13_14_05_07_213749965  2601.000 1 4
2013_01_13_14_11_11_589575508  2601.000 1 16
2013_01_13_14_13_24_211788288  2601.000 1 14
2013_01_13_14_14_38_627330505  2601.000 1 16
2013_01_13_14_14_49_927242040  2601.000 1 16
2013_01_13_14_15_54_788619452  2601.000 1 12
2013_01_13_14_16_52_190470474  2601.000 1 14
2013_01_13_14_17_03_487819537  2601.000 1 14
2013_01_13_14_18_55_021410771  2601.000 1 10
2013_01_13_14_19_24_432191445  2601.000 1 12
2013_01_13_14_19_34_696941086  2601.000 1 12
2013_01_13_14_22_27_501314519  2601.000 1 10
2013_01_13_14_22_29_464830960  2601.000 1 8
2013_01_13_14_22_35_159983415  2601.000 1 10
2013_01_13_14_26_02_742145731  2601.000 1 8
2013_01_13_14_26_10_025721065  2601.000 1 8
2013_01_13_14_27_20_366555643  2601.000 1 6
2013_01_13_14_30_41_231577402  2601.000 1 6
2013_01_13_14_31_03_522851121  2601.000 1 6
2013_01_13_14_32_52_085707913  2601.000 1 4
2013_01_13_14_36_06_765593702  2601.000 1 4
2013_01_13_14_36_27_829615545  2601.000 1 4
2013_01_13_14_42_22_580148061  2601.000 1 16
2013_01_13_14_44_35_176156430  2601.000 1 14
2013_01_13_14_44_51_041147225  2601.000 1 16
2013_01_13_14_44_54_498192383  2601.000 1 16
2013_01_13_14_47_03_400122902  2601.000 1 14
2013_01_13_14_47_07_469604071  2601.000 1 14
2013_01_13_14_47_07_625484463  2601.000 1 12
2013_01_13_14_49_35_038369393  2601.000 1 12
2013_01_13_14_49_38_129023645  2601.000 1 12
2013_01_13_14_50_05_047370158  2601.000 1 10
2013_01_13_14_52_35_443447066  2601.000 1 10
2013_01_13_14_52_38_760109572  2601.000 1 10
2013_01_13_14_53_36_950517759  2601.000 1 8
2013_01_13_14_56_05_345224824  2601.000 1 8
2013_01_13_14_56_09_482748629  2601.000 1 8
2013_01_13_14_58_24_051586166  2601.000 1 6
2013_01_13_15_00_42_469112762  2601.000 1 6
2013_01_13_15_01_06_055430117  2601.000 1 6
2013_01_13_15_04_01_178512253  2601.000 1 4
2013_01_13_15_06_07_225138272  2601.000 1 4
2013_01_13_15_06_34_213348592  2601.000 1 4
