2013_01_13_09_01_19_506214938  2601.000 1 16
2013_01_13_09_01_19_645542889  2601.000 1 16
2013_01_13_09_01_19_706527709  2601.000 1 16
2013_01_13_09_01_39_541488754  2601.000 1 14
2013_01_13_09_01_39_685266797  2601.000 1 14
2013_01_13_09_01_39_733343835  2601.000 1 14
2013_01_13_09_02_02_001986856  2601.000 1 12
2013_01_13_09_02_02_372902968  2601.000 1 12
2013_01_13_09_02_02_419717170  2601.000 1 12
2013_01_13_09_02_27_307413946  2601.000 1 10
2013_01_13_09_02_27_854928558  2601.000 1 10
2013_01_13_09_02_27_900334647  2601.000 1 10
2013_01_13_09_02_57_581870447  2601.000 1 8
2013_01_13_09_02_58_106149969  2601.000 1 8
2013_01_13_09_02_58_143885177  2601.000 1 8
2013_01_13_09_03_34_107948173  2601.000 1 6
2013_01_13_09_03_34_638694861  2601.000 1 6
2013_01_13_09_03_34_793135026  2601.000 1 6
2013_01_13_09_04_22_419911767  2601.000 1 4
2013_01_13_09_04_22_904545399  2601.000 1 4
2013_01_13_09_04_23_230762222  2601.000 1 4
2013_01_13_09_05_32_523139948  2601.000 1 16
2013_01_13_09_05_33_196698871  2601.000 1 16
2013_01_13_09_05_33_338939463  2601.000 1 16
2013_01_13_09_06_02_215419918  2601.000 1 14
2013_01_13_09_06_02_642365112  2601.000 1 14
2013_01_13_09_06_03_396978801  2601.000 1 14
2013_01_13_09_06_33_512073262  2601.000 1 12
2013_01_13_09_06_33_911043657  2601.000 1 12
2013_01_13_09_06_35_049170353  2601.000 1 12
2013_01_13_09_07_07_223061754  2601.000 1 10
2013_01_13_09_07_07_788486082  2601.000 1 10
2013_01_13_09_07_09_063551113  2601.000 1 10
2013_01_13_09_07_44_479121584  2601.000 1 8
2013_01_13_09_07_45_302607406  2601.000 1 8
2013_01_13_09_07_46_796209015  2601.000 1 8
2013_01_13_09_08_29_360052724  2601.000 1 6
2013_01_13_09_08_29_982630139  2601.000 1 6
2013_01_13_09_08_31_461578171  2601.000 1 6
2013_01_13_09_09_28_671957030  2601.000 1 4
2013_01_13_09_09_29_504195221  2601.000 1 4
2013_01_13_09_09_30_776263288  2601.000 1 4
2013_01_13_09_10_57_449813353  2601.000 1 16
2013_01_13_09_10_57_995400859  2601.000 1 16
2013_01_13_09_10_59_283124309  2601.000 1 16
2013_01_13_09_11_25_192078009  2601.000 1 14
2013_01_13_09_11_26_056524985  2601.000 1 14
2013_01_13_09_11_27_689925751  2601.000 1 14
2013_01_13_09_11_54_527351053  2601.000 1 12
2013_01_13_09_11_55_504525465  2601.000 1 12
2013_01_13_09_11_57_543609941  2601.000 1 12
2013_01_13_09_12_26_194396344  2601.000 1 10
2013_01_13_09_12_27_608044806  2601.000 1 10
2013_01_13_09_12_29_834260262  2601.000 1 10
2013_01_13_09_13_02_321039862  2601.000 1 8
2013_01_13_09_13_03_528148571  2601.000 1 8
2013_01_13_09_13_05_936094695  2601.000 1 8
2013_01_13_09_13_47_021027346  2601.000 1 6
2013_01_13_09_13_48_214919668  2601.000 1 6
2013_01_13_09_13_50_652504265  2601.000 1 6
2013_01_13_09_14_46_362484283  2601.000 1 4
2013_01_13_09_14_47_551068253  2601.000 1 4
2013_01_13_09_14_50_188353406  2601.000 1 4
2013_01_13_09_16_15_089972607  2601.000 1 16
2013_01_13_09_16_16_101413010  2601.000 1 16
2013_01_13_09_16_18_714129825  2601.000 1 16
2013_01_13_09_16_40_990787397  2601.000 1 14
2013_01_13_09_16_42_224883755  2601.000 1 14
2013_01_13_09_16_45_266745164  2601.000 1 14
2013_01_13_09_17_08_433155939  2601.000 1 12
2013_01_13_09_17_10_075733532  2601.000 1 12
2013_01_13_09_17_13_146569322  2601.000 1 12
2013_01_13_09_17_38_525893324  2601.000 1 10
2013_01_13_09_17_40_163577495  2601.000 1 10
2013_01_13_09_17_43_646772013  2601.000 1 10
2013_01_13_09_18_14_433775523  2601.000 1 8
2013_01_13_09_18_16_071732593  2601.000 1 8
2013_01_13_09_18_19_715626247  2601.000 1 8
2013_01_13_09_18_59_305186005  2601.000 1 6
2013_01_13_09_19_00_775910730  2601.000 1 6
2013_01_13_09_19_04_421495096  2601.000 1 6
2013_01_13_09_19_58_594843379  2601.000 1 4
2013_01_13_09_20_00_127370785  2601.000 1 4
2013_01_13_09_20_03_903135678  2601.000 1 4
2013_01_13_09_21_27_125873339  2601.000 1 16
2013_01_13_09_21_28_631532670  2601.000 1 16
2013_01_13_09_21_32_435732081  2601.000 1 16
2013_01_13_09_21_51_630833706  2601.000 1 14
2013_01_13_09_21_53_340786849  2601.000 1 14
2013_01_13_09_21_57_551183991  2601.000 1 14
2013_01_13_09_22_17_508217503  2601.000 1 12
2013_01_13_09_22_19_617529042  2601.000 1 12
2013_01_13_09_22_24_032630447  2601.000 1 12
2013_01_13_09_22_47_605086805  2601.000 1 10
2013_01_13_09_22_49_732893951  2601.000 1 10
2013_01_13_09_22_54_132062713  2601.000 1 10
2013_01_13_09_23_23_519227221  2601.000 1 8
2013_01_13_09_23_25_642616035  2601.000 1 8
2013_01_13_09_23_30_208724376  2601.000 1 8
2013_01_13_09_24_08_426488709  2601.000 1 6
2013_01_13_09_24_10_370674550  2601.000 1 6
2013_01_13_09_24_14_928098669  2601.000 1 6
2013_01_13_09_25_07_757218467  2601.000 1 4
2013_01_13_09_25_09_755438675  2601.000 1 4
2013_01_13_09_25_14_182452139  2601.000 1 4
2013_01_13_09_26_36_306791475  2601.000 1 16
2013_01_13_09_26_38_273063751  2601.000 1 16
2013_01_13_09_26_42_735249717  2601.000 1 16
2013_01_13_09_26_59_394513592  2601.000 1 14
2013_01_13_09_27_02_038542256  2601.000 1 14
2013_01_13_09_27_06_430856428  2601.000 1 14
2013_01_13_09_27_25_269721785  2601.000 1 12
2013_01_13_09_27_27_933499642  2601.000 1 12
2013_01_13_09_27_32_303434785  2601.000 1 12
2013_01_13_09_27_55_370085736  2601.000 1 10
2013_01_13_09_27_58_043957295  2601.000 1 10
2013_01_13_09_28_02_398052514  2601.000 1 10
2013_01_13_09_28_31_284527263  2601.000 1 8
2013_01_13_09_28_34_151599751  2601.000 1 8
2013_01_13_09_28_38_318076491  2601.000 1 8
2013_01_13_09_29_15_990660139  2601.000 1 6
2013_01_13_09_29_18_863095217  2601.000 1 6
2013_01_13_09_29_23_017272260  2601.000 1 6
2013_01_13_09_30_15_331362330  2601.000 1 4
2013_01_13_09_30_18_424778034  2601.000 1 4
2013_01_13_09_30_22_533940765  2601.000 1 4
2013_01_13_09_31_44_083077258  2601.000 1 16
2013_01_13_09_31_47_170834303  2601.000 1 16
2013_01_13_09_31_51_271571290  2601.000 1 16
2013_01_13_09_32_06_986099707  2601.000 1 14
2013_01_13_09_32_10_099971504  2601.000 1 14
2013_01_13_09_32_14_180857221  2601.000 1 14
2013_01_13_09_32_32_882466813  2601.000 1 12
2013_01_13_09_32_35_987488462  2601.000 1 12
2013_01_13_09_32_40_277774865  2601.000 1 12
2013_01_13_09_33_02_944049711  2601.000 1 10
2013_01_13_09_33_06_090536478  2601.000 1 10
2013_01_13_09_33_10_339438087  2601.000 1 10
2013_01_13_09_33_38_858868415  2601.000 1 8
2013_01_13_09_33_41_988882985  2601.000 1 8
2013_01_13_09_33_46_445154010  2601.000 1 8
2013_01_13_09_34_23_569019137  2601.000 1 6
2013_01_13_09_34_26_641783769  2601.000 1 6
2013_01_13_09_34_31_131173978  2601.000 1 6
2013_01_13_09_35_23_066853362  2601.000 1 4
2013_01_13_09_35_26_164739190  2601.000 1 4
2013_01_13_09_35_30_615686635  2601.000 1 4
2013_01_13_09_36_51_589195047  2601.000 1 16
2013_01_13_09_36_54_711106372  2601.000 1 16
2013_01_13_09_36_59_326073365  2601.000 1 16
2013_01_13_09_37_14_491786539  2601.000 1 14
2013_01_13_09_37_17_608341483  2601.000 1 14
2013_01_13_09_37_22_218282704  2601.000 1 14
2013_01_13_09_37_40_391220133  2601.000 1 12
2013_01_13_09_37_43_671116948  2601.000 1 12
2013_01_13_09_37_48_111891537  2601.000 1 12
2013_01_13_09_38_10_478898828  2601.000 1 10
2013_01_13_09_38_13_763103016  2601.000 1 10
2013_01_13_09_38_18_151363267  2601.000 1 10
2013_01_13_09_38_46_590762254  2601.000 1 8
2013_01_13_09_38_49_682807973  2601.000 1 8
2013_01_13_09_38_54_070568040  2601.000 1 8
2013_01_13_09_39_31_487219959  2601.000 1 6
2013_01_13_09_39_34_550605493  2601.000 1 6
2013_01_13_09_39_38_791176281  2601.000 1 6
2013_01_13_09_40_31_007837964  2601.000 1 4
2013_01_13_09_40_33_890045425  2601.000 1 4
2013_01_13_09_40_38_070369731  2601.000 1 4
2013_01_13_09_41_59_510951771  2601.000 1 16
2013_01_13_09_42_02_396926238  2601.000 1 16
2013_01_13_09_42_06_556606136  2601.000 1 16
2013_01_13_09_42_22_409814647  2601.000 1 14
2013_01_13_09_42_25_095836687  2601.000 1 14
2013_01_13_09_42_29_410502089  2601.000 1 14
2013_01_13_09_42_48_286100314  2601.000 1 12
2013_01_13_09_42_50_935507941  2601.000 1 12
2013_01_13_09_42_55_328633484  2601.000 1 12
2013_01_13_09_43_18_336625409  2601.000 1 10
2013_01_13_09_43_21_259930287  2601.000 1 10
2013_01_13_09_43_25_420137548  2601.000 1 10
2013_01_13_09_43_54_228153611  2601.000 1 8
2013_01_13_09_43_57_183901972  2601.000 1 8
2013_01_13_09_44_01_483025389  2601.000 1 8
2013_01_13_09_44_38_916870836  2601.000 1 6
2013_01_13_09_44_42_067203531  2601.000 1 6
2013_01_13_09_44_46_186101505  2601.000 1 6
2013_01_13_09_45_38_433668938  2601.000 1 4
2013_01_13_09_45_41_383832016  2601.000 1 4
2013_01_13_09_45_45_466106793  2601.000 1 4
2013_01_13_09_47_06_914126579  2601.000 1 16
2013_01_13_09_47_09_908370049  2601.000 1 16
2013_01_13_09_47_14_014979597  2601.000 1 16
2013_01_13_09_47_29_812739470  2601.000 1 14
2013_01_13_09_47_32_614121533  2601.000 1 14
2013_01_13_09_47_36_900088466  2601.000 1 14
2013_01_13_09_47_55_685979100  2601.000 1 12
2013_01_13_09_47_58_484555830  2601.000 1 12
2013_01_13_09_48_02_774653374  2601.000 1 12
2013_01_13_09_48_25_790090575  2601.000 1 10
2013_01_13_09_48_28_554381211  2601.000 1 10
2013_01_13_09_48_32_866477894  2601.000 1 10
2013_01_13_09_49_01_857467033  2601.000 1 8
2013_01_13_09_49_04_462877485  2601.000 1 8
2013_01_13_09_49_08_731545091  2601.000 1 8
2013_01_13_09_49_46_554028438  2601.000 1 6
2013_01_13_09_49_49_369124648  2601.000 1 6
2013_01_13_09_49_53_414101027  2601.000 1 6
2013_01_13_09_50_45_854561967  2601.000 1 4
2013_01_13_09_50_48_695953962  2601.000 1 4
2013_01_13_09_50_52_872450734  2601.000 1 4
2013_01_13_09_52_14_370939552  2601.000 1 16
2013_01_13_09_52_17_222262907  2601.000 1 16
2013_01_13_09_52_21_582153915  2601.000 1 16
2013_01_13_09_52_37_423109397  2601.000 1 14
2013_01_13_09_52_40_340362274  2601.000 1 14
2013_01_13_09_52_44_470430600  2601.000 1 14
2013_01_13_09_53_03_283836981  2601.000 1 12
2013_01_13_09_53_06_307538058  2601.000 1 12
2013_01_13_09_53_10_572483954  2601.000 1 12
2013_01_13_09_53_33_380817558  2601.000 1 10
2013_01_13_09_53_36_459916406  2601.000 1 10
2013_01_13_09_53_40_668502766  2601.000 1 10
2013_01_13_09_54_09_272398739  2601.000 1 8
2013_01_13_09_54_12_300491354  2601.000 1 8
2013_01_13_09_54_16_752452009  2601.000 1 8
2013_01_13_09_54_53_979124846  2601.000 1 6
2013_01_13_09_54_57_029917182  2601.000 1 6
2013_01_13_09_55_01_445613672  2601.000 1 6
2013_01_13_09_55_53_504883611  2601.000 1 4
2013_01_13_09_55_56_550355055  2601.000 1 4
2013_01_13_09_56_00_793523627  2601.000 1 4
2013_01_13_09_57_22_027096650  2601.000 1 16
2013_01_13_09_57_25_078704463  2601.000 1 16
2013_01_13_09_57_29_337880057  2601.000 1 16
2013_01_13_09_57_44_933841761  2601.000 1 14
2013_01_13_09_57_48_196245247  2601.000 1 14
2013_01_13_09_57_52_256702722  2601.000 1 14
2013_01_13_09_58_10_825772336  2601.000 1 12
2013_01_13_09_58_14_095632176  2601.000 1 12
2013_01_13_09_58_18_325617991  2601.000 1 12
2013_01_13_09_58_40_918964633  2601.000 1 10
2013_01_13_09_58_44_212385852  2601.000 1 10
2013_01_13_09_58_48_425217263  2601.000 1 10
2013_01_13_09_59_16_843855220  2601.000 1 8
2013_01_13_09_59_20_286328382  2601.000 1 8
2013_01_13_09_59_24_494746054  2601.000 1 8
2013_01_13_10_00_01_764686154  2601.000 1 6
2013_01_13_10_00_04_962248239  2601.000 1 6
2013_01_13_10_00_09_213832342  2601.000 1 6
2013_01_13_10_01_01_104771041  2601.000 1 4
2013_01_13_10_01_04_259213406  2601.000 1 4
2013_01_13_10_01_08_553497302  2601.000 1 4
