2013_01_20_20_47_29_264551426  2601.000 1 16
2013_01_20_20_52_25_842817955  2601.000 1 14
2013_01_20_20_57_17_485994299  2601.000 1 12
2013_01_20_21_02_03_530028812  2601.000 1 10
2013_01_20_21_06_45_558105928  2601.000 1 8
2013_01_20_21_11_23_595272103  2601.000 1 6
2013_01_20_21_16_57_479014166  2601.000 1 4
2013_01_20_21_22_27_329874508  2601.000 1 16
2013_01_20_21_28_22_752961643  2601.000 1 14
2013_01_20_21_34_02_210632074  2601.000 1 12
2013_01_20_21_39_27_291100736  2601.000 1 10
2013_01_20_21_44_40_182583457  2601.000 1 8
2013_01_20_21_49_45_841137542  2601.000 1 6
2013_01_20_21_56_09_186874377  2601.000 1 4
2013_01_20_22_02_36_011643536  2601.000 1 16
2013_01_20_22_08_20_727672583  2601.000 1 14
2013_01_20_22_13_48_191327057  2601.000 1 12
2013_01_20_22_19_04_490415602  2601.000 1 10
2013_01_20_22_24_10_346670833  2601.000 1 8
2013_01_20_22_29_16_041100601  2601.000 1 6
2013_01_20_22_35_39_072647045  2601.000 1 4
2013_01_20_22_42_05_438131076  2601.000 1 16
2013_01_20_22_47_38_484139673  2601.000 1 14
2013_01_20_22_52_58_126305635  2601.000 1 12
2013_01_20_22_58_06_007036641  2601.000 1 10
2013_01_20_23_03_12_269810122  2601.000 1 8
2013_01_20_23_08_17_792317849  2601.000 1 6
2013_01_20_23_14_40_286703506  2601.000 1 4
2013_01_20_23_21_07_435749973  2601.000 1 16
2013_01_20_23_26_32_516749826  2601.000 1 14
2013_01_20_23_31_43_613860310  2601.000 1 12
2013_01_20_23_36_51_752711303  2601.000 1 10
2013_01_20_23_41_57_828061178  2601.000 1 8
2013_01_20_23_47_02_927741401  2601.000 1 6
2013_01_20_23_53_26_004806099  2601.000 1 4
2013_01_20_23_59_52_889187949  2601.000 1 16
2013_01_21_00_05_09_422440409  2601.000 1 14
2013_01_21_00_10_20_692888544  2601.000 1 12
2013_01_21_00_15_29_575821281  2601.000 1 10
2013_01_21_00_20_35_842224839  2601.000 1 8
2013_01_21_00_25_40_746268936  2601.000 1 6
2013_01_21_00_32_03_877586258  2601.000 1 4
2013_01_21_00_38_30_817267812  2601.000 1 16
2013_01_21_00_43_47_200229049  2601.000 1 14
2013_01_21_00_48_57_858033646  2601.000 1 12
2013_01_21_00_54_06_472137565  2601.000 1 10
2013_01_21_00_59_12_676705124  2601.000 1 8
2013_01_21_01_04_18_577631344  2601.000 1 6
2013_01_21_01_10_41_712272343  2601.000 1 4
2013_01_21_01_17_08_602492210  2601.000 1 16
2013_01_21_01_22_25_201829084  2601.000 1 14
2013_01_21_01_27_36_287649405  2601.000 1 12
2013_01_21_01_32_45_566766166  2601.000 1 10
2013_01_21_01_37_51_232208478  2601.000 1 8
2013_01_21_01_42_56_697479132  2601.000 1 6
2013_01_21_01_49_20_641329659  2601.000 1 4
2013_01_21_01_55_47_969674932  2601.000 1 16
2013_01_21_02_01_05_220702148  2601.000 1 14
2013_01_21_02_06_15_676648997  2601.000 1 12
2013_01_21_02_11_24_326574179  2601.000 1 10
2013_01_21_02_16_30_437519960  2601.000 1 8
2013_01_21_02_21_35_083499675  2601.000 1 6
2013_01_21_02_27_57_576597211  2601.000 1 4
2013_01_21_02_34_23_912638381  2601.000 1 16
2013_01_21_02_39_40_706813943  2601.000 1 14
2013_01_21_02_44_51_567642107  2601.000 1 12
2013_01_21_02_49_59_636891475  2601.000 1 10
2013_01_21_02_55_06_524364454  2601.000 1 8
2013_01_21_03_00_11_734275058  2601.000 1 6
2013_01_21_03_06_35_035539566  2601.000 1 4
2013_01_21_03_13_01_927114369  2601.000 1 16
2013_01_21_03_18_18_320335385  2601.000 1 14
2013_01_21_03_23_28_170936391  2601.000 1 12
2013_01_21_03_28_36_268630800  2601.000 1 10
2013_01_21_03_33_41_743095574  2601.000 1 8
2013_01_21_03_38_47_818523360  2601.000 1 6
2013_01_21_03_45_11_307311625  2601.000 1 4
2013_01_21_03_51_39_383638044  2601.000 1 16
2013_01_21_03_56_55_968731782  2601.000 1 14
2013_01_21_04_02_06_643775991  2601.000 1 12
2013_01_21_04_07_15_300563664  2601.000 1 10
2013_01_21_04_12_21_384396427  2601.000 1 8
2013_01_21_04_17_27_213284737  2601.000 1 6
2013_01_21_04_23_50_512052255  2601.000 1 4
